#    N    J    D    H   B
#     <|m|>       <E>    <E^2>

#        20         1       1.5         0        10
0.997956            -199.633             39876.3

#        20         1       1.5         0   9.13242
0.0990856            -139.898             19575.6

#        20         1       1.5         0   8.40336
0.997839            -199.655             39885.7

#        20         1       1.5         0    7.7821
0.997071            -199.618               39877

#        20         1       1.5         0   7.24638
0.999745            -199.938             39981.4

#        20         1       1.5         0   6.77966
0.967554            -195.741             38736.9

#        20         1       1.5         0   6.36943
0.998279            -199.784             39930.3

#        20         1       1.5         0   6.00601
0.99938            -199.897             39968.1

#        20         1       1.5         0   5.68182
0.99955            -199.915             39973.3

#        20         1       1.5         0   5.39084
0.998435            -199.812             39940.7

#        20         1       1.5         0   5.12821
0.431944            -139.749             19532.3

#        20         1       1.5         0   4.88998
0.999613            -199.929             39978.6

#        20         1       1.5         0    4.6729
0.999482            -199.903             39970.6

#        20         1       1.5         0   4.47427
0.999868            -199.956               39986

#        20         1       1.5         0   4.29185
0.999342            -199.881               39962

#        20         1       1.5         0   4.12371
0.999875            -199.943             39980.8

#        20         1       1.5         0   3.96825
0.999482            -199.876             39957.8

#        20         1       1.5         0   3.82409
0.456575            -158.136               25857

#        20         1       1.5         0   3.69004
0.999595            -199.849               39946

#        20         1       1.5         0   3.56506
0.999055            -199.756               39914

#        20         1       1.5         0   3.44828
0.999655            -199.777             39917.2

#        20         1       1.5         0    3.3389
0.99921            -199.677             39880.7

#        20         1       1.5         0   3.23625
0.99903            -199.593             39848.1

#        20         1       1.5         0   3.13972
0.999381            -199.554             39827.6

#        20         1       1.5         0   3.04878
0.999034            -199.424             39779.4

#        20         1       1.5         0   2.96296
0.998965            -199.304             39730.8

#        20         1       1.5         0   2.88184
0.99909            -199.194             39684.5

#        20         1       1.5         0   2.80505
0.941679            -194.132             38007.9

#        20         1       1.5         0   2.73224
0.998509            -198.824             39540.7

#        20         1       1.5         0   2.66312
0.979992            -197.013             38932.5

#        20         1       1.5         0    2.5974
0.998254             -198.37             39359.7

#        20         1       1.5         0   2.53485
0.997901            -198.078             39245.9

#        20         1       1.5         0   2.47525
0.997408            -197.725             39108.8

#        20         1       1.5         0   2.41838
0.997222            -197.398             38977.4

#        20         1       1.5         0   2.36407
0.996889            -197.012               38825

#        20         1       1.5         0   2.31214
0.996475            -196.617             38670.2

#        20         1       1.5         0   2.26244
0.995391            -196.055             38457.8

#        20         1       1.5         0   2.21484
0.995417             -195.61             38278.9

#        20         1       1.5         0    2.1692
0.985865            -194.238               37807

#        20         1       1.5         0    2.1254
0.994029            -194.379             37803.2

#        20         1       1.5         0   2.08333
0.967569            -191.284             36801.4

#        20         1       1.5         0    2.0429
0.987371            -192.432             37101.4

#        20         1       1.5         0   2.00401
0.981507            -191.286             36697.3

#        20         1       1.5         0   1.96657
0.990745            -191.431             36676.6

#        20         1       1.5         0    1.9305
0.97781            -189.395             35994.9

#        20         1       1.5         0   1.89573
0.977962            -188.554             35678.2

#        20         1       1.5         0    1.8622
0.987578            -188.675               35637

#        20         1       1.5         0   1.82983
0.98598            -187.541             35220.7

#        20         1       1.5         0   1.79856
0.98523            -186.453               34811

#        20         1       1.5         0   1.76835
0.984069            -185.326               34394

#        20         1       1.5         0   1.73913
0.982843            -184.096             33939.2

#        20         1       1.5         0   1.71086
0.981309            -182.808             33472.5

#        20         1       1.5         0    1.6835
0.979747            -181.434             32975.4

#        20         1       1.5         0     1.657
0.978115            -180.047             32478.2

#        20         1       1.5         0   1.63132
0.976375            -178.557             31950.7

#        20         1       1.5         0   1.60643
0.974495            -176.978             31394.4

#        20         1       1.5         0   1.58228
0.971461            -175.146             30765.7

#        20         1       1.5         0   1.55885
0.970752            -173.619             30223.3

#        20         1       1.5         0    1.5361
0.968679            -171.854             29617.7

#        20         1       1.5         0     1.514
0.966398            -169.983             28984.4

#        20         1       1.5         0   1.49254
0.962029            -167.857             28290.7

#        20         1       1.5         0   1.47167
0.960619            -165.997             27668.5

#        20         1       1.5         0   1.45138
0.959281             -164.13             27049.7

#        20         1       1.5         0   1.43164
0.9568            -162.093             26388.8

#        20         1       1.5         0   1.41243
0.953346            -159.791             25669.4

#        20         1       1.5         0   1.39373
0.946977            -157.184             24874.1

#        20         1       1.5         0   1.37552
0.948284            -155.239             24234.1

#        20         1       1.5         0   1.35777
0.945448            -152.971             23538.8

#        20         1       1.5         0   1.34048
0.941936            -150.338             22751.9

#        20         1       1.5         0   1.32363
0.937942            -147.799             22010.2

#        20         1       1.5         0   1.30719
0.932922            -145.064             21234.4

#        20         1       1.5         0   1.29116
0.930933            -142.623             20524.8

#        20         1       1.5         0   1.27551
0.928339            -140.023             19791.5

#        20         1       1.5         0   1.26024
0.924776            -137.329             19052.2

#        20         1       1.5         0   1.24533
0.919417            -134.195             18220.7

#        20         1       1.5         0   1.23077
0.917021            -131.576             17519.1

#        20         1       1.5         0   1.21655
0.912631            -128.545             16742.5

#        20         1       1.5         0   1.20265
0.908048            -125.505             15985.6

#        20         1       1.5         0   1.18906
0.903654            -122.292             15200.8

#        20         1       1.5         0   1.17578
0.899591            -119.282             14476.9

#        20         1       1.5         0   1.16279
0.894933            -116.076             13730.7

#        20         1       1.5         0   1.15009
0.889832            -112.655             12963.6

#        20         1       1.5         0   1.13766
0.884524            -109.203             12209.5

#        20         1       1.5         0   1.12549
0.879692            -105.892             11506.7

#        20         1       1.5         0   1.11359
0.874352            -102.311             10770.7

#        20         1       1.5         0   1.10193
0.869332            -99.0651             10124.3

#        20         1       1.5         0   1.09051
0.862915            -95.3005             9421.16

#        20         1       1.5         0   1.07933
0.857037            -91.5079             8717.86

#        20         1       1.5         0   1.06838
0.851714             -87.916             8082.22

#        20         1       1.5         0   1.05764
0.845097            -83.8688             7398.56

#        20         1       1.5         0   1.04712
0.838825            -80.0922             6794.49

#        20         1       1.5         0   1.03681
0.832434            -76.3205             6221.38

#        20         1       1.5         0   1.02669
0.824938            -71.9661             5593.12

#        20         1       1.5         0   1.01678
0.81816             -68.141             5077.93

#        20         1       1.5         0   1.00705
0.810489            -63.9456              4533.4

#        20         1       1.5         0  0.997506
0.802288            -59.3917                3992

#        20         1       1.5         0  0.988142
0.793955            -55.0217             3512.05

#        20         1       1.5         0  0.978953
0.7864            -51.0822             3108.59

#        20         1       1.5         0  0.969932
0.775577            -45.7597             2625.52

#        20         1       1.5         0  0.961076
0.766252            -41.0186             2236.27

#        20         1       1.5         0  0.952381
0.75581            -36.2852             1895.55

#        20         1       1.5         0  0.943841
0.745494            -31.3615             1586.35

#        20         1       1.5         0  0.935454
0.730679            -25.6112             1311.66

#        20         1       1.5         0  0.927214
0.71759            -20.2698             1107.45

#        20         1       1.5         0  0.919118
0.706086            -15.2989             927.028

#        20         1       1.5         0  0.911162
0.68838            -8.80791             832.429

#        20         1       1.5         0  0.903342
0.670379            -3.36852             821.485

#        20         1       1.5         0  0.895656
0.650665             3.46265              856.79

#        20         1       1.5         0  0.888099
0.621346             10.8475             1048.18

#        20         1       1.5         0  0.880669
0.609278             15.8295             1166.51

#        20         1       1.5         0  0.873362
0.579268             23.4574             1516.55

#        20         1       1.5         0  0.866176
0.545059             31.0041             1986.07

#        20         1       1.5         0  0.859107
0.515799             38.1993             2463.54

#        20         1       1.5         0  0.852152
0.483858             45.3068             3074.75

#        20         1       1.5         0  0.845309
0.455181             51.6737             3663.78

#        20         1       1.5         0  0.838574
0.428885             57.6177             4262.71

#        20         1       1.5         0  0.831947
0.395463             64.6024             5083.55

#        20         1       1.5         0  0.825423
0.364629             70.6235             5846.25

#        20         1       1.5         0  0.819001
0.334207             76.1923             6641.33

#        20         1       1.5         0  0.812678
0.317696             80.4296              7239.9

#        20         1       1.5         0  0.806452
0.297857             85.3308             8004.89

#        20         1       1.5         0   0.80032
0.279543             89.2565             8638.84

#        20         1       1.5         0  0.794281
0.256758             93.9868             9457.69

#        20         1       1.5         0  0.788333
0.245344             97.3555             10078.4

#        20         1       1.5         0  0.782473
0.230959             100.394             10655.6

#        20         1       1.5         0  0.776699
0.218609             103.449             11239.3

#        20         1       1.5         0   0.77101
0.208353             106.465               11847

#        20         1       1.5         0  0.765404
0.203809             109.227             12429.6

#        20         1       1.5         0  0.759878
0.189316             112.229               13070

#        20         1       1.5         0  0.754432
0.182863              114.75             13624.8

#        20         1       1.5         0  0.749064
0.174207             117.227               14177

#        20         1       1.5         0  0.743771
0.168381             119.535             14716.8

#        20         1       1.5         0  0.738552
0.164757             121.549             15197.9

#        20         1       1.5         0  0.733407
0.159453             123.683             15704.7

#        20         1       1.5         0  0.728332
0.15188             125.984             16268.2

#        20         1       1.5         0  0.723327
0.148244             127.929               16762

#        20         1       1.5         0  0.718391
0.141677             130.057             17298.1

#        20         1       1.5         0  0.713521
0.140578              131.43             17657.5

#        20         1       1.5         0  0.708717
0.136854             133.494             18193.1

#        20         1       1.5         0  0.703977
0.131606             135.384             18699.9

#        20         1       1.5         0  0.699301
0.129507             137.038             19145.7

#        20         1       1.5         0  0.694686
0.12684             138.719             19603.4

#        20         1       1.5         0  0.690131
0.127035             140.147             20004.6

#        20         1       1.5         0  0.685636
0.12234             141.766             20448.2

#        20         1       1.5         0  0.681199
0.119427             143.203             20855.4

#        20         1       1.5         0  0.676819
0.117054             144.945             21352.2

#        20         1       1.5         0  0.672495
0.114993              146.31             21746.2

#        20         1       1.5         0  0.668226
0.112441             147.981             22238.9

#        20         1       1.5         0  0.664011
0.109824             149.391             22653.5

#        20         1       1.5         0  0.659848
0.1083             150.705             23046.5

#        20         1       1.5         0  0.655738
0.107143             151.994             23433.6

#        20         1       1.5         0  0.651678
0.107262             153.129             23779.7

#        20         1       1.5         0  0.647668
0.103351             154.662               24249

#        20         1       1.5         0  0.643708
0.102213             156.065             24681.3

#        20         1       1.5         0  0.639795
0.10103             157.208             25038.4

#        20         1       1.5         0   0.63593
0.0992481              158.43             25423.7

#        20         1       1.5         0  0.632111
0.0983073             159.831             25866.7

#        20         1       1.5         0  0.628338
0.0970633             160.935             26220.1

#        20         1       1.5         0   0.62461
0.0955277             162.143             26608.3

#        20         1       1.5         0  0.620925
0.0940924             163.434             27027.3

#        20         1       1.5         0  0.617284
0.0933443             164.504             27379.3

#        20         1       1.5         0  0.613685
0.0921022             165.484             27701.5

#        20         1       1.5         0  0.610128
0.0908032             166.859             28157.2

#        20         1       1.5         0  0.606612
0.0889399             167.903             28503.9

#        20         1       1.5         0  0.603136
0.0892762              168.95             28856.5

#        20         1       1.5         0    0.5997
0.0875657             170.095             29244.9

#        20         1       1.5         0  0.596303
0.0868284             171.153             29604.8

#        20         1       1.5         0  0.592944
0.0859269              172.13             29940.8

#        20         1       1.5         0  0.589623
0.0857943             173.112             30279.6

#        20         1       1.5         0  0.586338
0.084856              174.14             30635.7

#        20         1       1.5         0   0.58309
0.0838492             175.192             31001.3

#        20         1       1.5         0  0.579878
0.0823195             176.121             31328.7

#        20         1       1.5         0  0.576701
0.0826283             177.043             31651.5

#        20         1       1.5         0  0.573559
0.0815051             178.139             32040.6

#        20         1       1.5         0  0.570451
0.0809268             179.052             32369.9

#        20         1       1.5         0  0.567376
0.0801972             179.994             32705.6

#        20         1       1.5         0  0.564334
0.0794051             180.906             33033.3

#        20         1       1.5         0  0.561325
0.0788494             181.918             33401.4

#        20         1       1.5         0  0.558347
0.0778827             182.827             33732.7

#        20         1       1.5         0  0.555401
0.077518             183.797             34088.4

#        20         1       1.5         0  0.552486
0.0765678             184.641             34399.2

#        20         1       1.5         0  0.549602
0.0757956             185.434             34692.9

#        20         1       1.5         0  0.546747
0.0761984             186.281             35007.2

#        20         1       1.5         0  0.543922
0.0750132               187.2             35349.9

#        20         1       1.5         0  0.541126
0.0757913             187.947               35631

#        20         1       1.5         0  0.538358
0.0741434             188.976             36018.7

#        20         1       1.5         0  0.535619
0.0734118             189.703             36292.6

#        20         1       1.5         0  0.532907
0.0727287              190.52             36603.6

#        20         1       1.5         0  0.530223
0.072562             191.299               36902

#        20         1       1.5         0  0.527565
0.0720572             192.192             37245.3

#        20         1       1.5         0  0.524934
0.0721004             192.979               37548

#        20         1       1.5         0   0.52233
0.0713373              193.78             37857.4

#        20         1       1.5         0  0.519751
0.0708679              194.64             38192.2

#        20         1       1.5         0  0.517197
0.0708148              195.39             38485.2

#        20         1       1.5         0  0.514668
0.0703635             196.108             38766.3

#        20         1       1.5         0  0.512164
0.0695792             196.871             39064.3

#        20         1       1.5         0  0.509684
0.0694428             197.568               39340

#        20         1       1.5         0  0.507228
0.0688988             198.466             39696.6

#        20         1       1.5         0  0.504796
0.0689499             199.076             39939.2

#        20         1       1.5         0  0.502386
0.0679317             199.859               40250

#        20         1       1.5         0       0.5
0.0675719             200.698             40588.1

