#    N    J    D    H   B
#     <|m|>       <E>    <E^2>

#        20         1      1.54         0        10
0.994496            -183.271             33638.1

#        20         1      1.54         0   9.13242
0.999679            -183.909             33831.8

#        20         1      1.54         0   8.40336
0.999751            -183.938             33839.9

#        20         1      1.54         0    7.7821
0.999189            -183.858             33814.8

#        20         1      1.54         0   7.24638
0.99993            -183.978             33850.8

#        20         1      1.54         0   6.77966
0.499197            -125.516             15757.4

#        20         1      1.54         0   6.36943
0.000566446            -125.493             15752.2

#        20         1      1.54         0   6.00601
0.999749            -183.944             33841.5

#        20         1      1.54         0   5.68182
0.307069            -125.475             15746.8

#        20         1      1.54         0   5.39084
0.999715            -183.942             33840.7

#        20         1      1.54         0   5.12821
0.417547            -125.376             15722.2

#        20         1      1.54         0   4.88998
0.999408            -183.907             33829.4

#        20         1      1.54         0    4.6729
0.164665            -125.111               15656

#        20         1      1.54         0   4.47427
0.999729            -183.935             33837.5

#        20         1      1.54         0   4.29185
0.999444            -183.897               33825

#        20         1      1.54         0   4.12371
0.998929            -183.838             33807.7

#        20         1      1.54         0   3.96825
0.999146            -183.837             33806.9

#        20         1      1.54         0   3.82409
0.999805            -183.891             33820.3

#        20         1      1.54         0   3.69004
0.999558             -183.83             33799.9

#        20         1      1.54         0   3.56506
0.999659            -183.808             33790.1

#        20         1      1.54         0   3.44828
0.999642            -183.756             33771.9

#        20         1      1.54         0    3.3389
0.999323            -183.663             33739.7

#        20         1      1.54         0   3.23625
0.972963            -180.782             32861.8

#        20         1      1.54         0   3.13972
0.999112            -183.485             33675.8

#        20         1      1.54         0   3.04878
0.999403            -183.436             33653.2

#        20         1      1.54         0   2.96296
0.998856            -183.225             33581.7

#        20         1      1.54         0   2.88184
0.998707            -183.073             33524.3

#        20         1      1.54         0   2.80505
0.998337             -182.88             33456.2

#        20         1      1.54         0   2.73224
0.982227            -181.184             32939.1

#        20         1      1.54         0   2.66312
0.980104            -180.887             32835.7

#        20         1      1.54         0    2.5974
0.996179            -181.961             33146.3

#        20         1      1.54         0   2.53485
0.9975            -181.871             33088.9

#        20         1      1.54         0   2.47525
0.997349            -181.562             32975.8

#        20         1      1.54         0   2.41838
0.99695            -181.175             32836.8

#        20         1      1.54         0   2.36407
0.996509            -180.752             32684.1

#        20         1      1.54         0   2.31214
0.996034            -180.296             32520.7

#        20         1      1.54         0   2.26244
0.995217            -179.755             32330.3

#        20         1      1.54         0   2.21484
0.965183            -176.549             31379.7

#        20         1      1.54         0    2.1692
0.994062            -178.614             31923.2

#        20         1      1.54         0    2.1254
0.993508             -177.95             31686.2

#        20         1      1.54         0   2.08333
0.992843            -177.295             31454.4

#        20         1      1.54         0    2.0429
0.991822            -176.451             31160.5

#        20         1      1.54         0   2.00401
0.990889            -175.622             30870.9

#        20         1      1.54         0   1.96657
0.989873            -174.772             30576.9

#        20         1      1.54         0    1.9305
0.98881            -173.855             30260.8

#        20         1      1.54         0   1.89573
0.987853            -172.908             29932.9

#        20         1      1.54         0    1.8622
0.986584            -171.788             29549.5

#        20         1      1.54         0   1.82983
0.985531            -170.728               29187

#        20         1      1.54         0   1.79856
0.983929            -169.489               28774

#        20         1      1.54         0   1.76835
0.980063            -167.962             28282.2

#        20         1      1.54         0   1.73913
0.980895            -166.948             27926.7

#        20         1      1.54         0   1.71086
0.978765            -165.476               27447

#        20         1      1.54         0    1.6835
0.977709            -164.119             26996.3

#        20         1      1.54         0     1.657
0.971587            -162.183             26405.7

#        20         1      1.54         0   1.63132
0.974345            -161.114             26024.9

#        20         1      1.54         0   1.60643
0.972164            -159.346             25464.7

#        20         1      1.54         0   1.58228
0.970095            -157.627               24926

#        20         1      1.54         0   1.55885
0.967822            -155.914             24395.8

#        20         1      1.54         0    1.5361
0.963241            -153.677             23725.9

#        20         1      1.54         0     1.514
0.963282            -152.075               23222

#        20         1      1.54         0   1.49254
0.960558            -149.952               22590

#        20         1      1.54         0   1.47167
0.958098            -147.908             21983.6

#        20         1      1.54         0   1.45138
0.953886            -145.578             21322.2

#        20         1      1.54         0   1.43164
0.952504            -143.545             20727.2

#        20         1      1.54         0   1.41243
0.949687            -141.319             20097.6

#        20         1      1.54         0   1.39373
0.946212            -138.809             19406.3

#        20         1      1.54         0   1.37552
0.942959            -136.416             18755.2

#        20         1      1.54         0   1.35777
0.93994            -133.912             18082.7

#        20         1      1.54         0   1.34048
0.935823             -131.26             17393.7

#        20         1      1.54         0   1.32363
0.932847            -128.672             16723.4

#        20         1      1.54         0   1.30719
0.929348            -126.101               16073

#        20         1      1.54         0   1.29116
0.925353            -123.206             15362.6

#        20         1      1.54         0   1.27551
0.919012             -119.93             14594.4

#        20         1      1.54         0   1.26024
0.917128            -117.416             13988.3

#        20         1      1.54         0   1.24533
0.912837            -114.478             13316.7

#        20         1      1.54         0   1.23077
0.908457            -111.321               12612

#        20         1      1.54         0   1.21655
0.903706            -108.184             11934.2

#        20         1      1.54         0   1.20265
0.899095            -104.948             11253.5

#        20         1      1.54         0   1.18906
0.893895            -101.624               10579

#        20         1      1.54         0   1.17578
0.889345            -98.4964             9962.69

#        20         1      1.54         0   1.16279
0.884114            -95.0697             9309.09

#        20         1      1.54         0   1.15009
0.87855             -91.544             8661.62

#        20         1      1.54         0   1.13766
0.872856            -87.8962             8018.43

#        20         1      1.54         0   1.12549
0.867198            -84.5286              7449.8

#        20         1      1.54         0   1.11359
0.861446            -80.8765             6856.95

#        20         1      1.54         0   1.10193
0.855482             -77.171             6283.79

#        20         1      1.54         0   1.09051
0.848488            -73.1882             5703.97

#        20         1      1.54         0   1.07933
0.841642            -69.5716             5209.24

#        20         1      1.54         0   1.06838
0.834359            -65.3861             4650.09

#        20         1      1.54         0   1.05764
0.828052            -61.3932             4160.19

#        20         1      1.54         0   1.04712
0.820375            -57.0809             3660.85

#        20         1      1.54         0   1.03681
0.813449            -53.3499             3260.62

#        20         1      1.54         0   1.02669
0.805055            -48.8884             2823.58

#        20         1      1.54         0   1.01678
0.796756            -44.6556             2446.31

#        20         1      1.54         0   1.00705
0.788228            -40.2652             2092.21

#        20         1      1.54         0  0.997506
0.778551            -35.4527             1752.54

#        20         1      1.54         0  0.988142
0.769194            -31.0167              1470.4

#        20         1      1.54         0  0.978953
0.758644            -26.0294             1215.11

#        20         1      1.54         0  0.969932
0.746772            -20.8995             1000.79

#        20         1      1.54         0  0.961076
0.736237            -16.3386             847.835

#        20         1      1.54         0  0.952381
0.722486            -10.8487             744.947

#        20         1      1.54         0  0.943841
0.706116            -5.10589             695.711

#        20         1      1.54         0  0.935454
0.695366           -0.336417             693.431

#        20         1      1.54         0  0.927214
0.674468             6.41033             776.511

#        20         1      1.54         0  0.919118
0.650573             13.0518             981.138

#        20         1      1.54         0  0.911162
0.63089              19.444              1211.3

#        20         1      1.54         0  0.903342
0.61197             24.8791             1470.92

#        20         1      1.54         0  0.895656
0.584564             31.9271             1920.97

#        20         1      1.54         0  0.888099
0.553032              39.278                2465

#        20         1      1.54         0  0.880669
0.526149             45.9754             3062.82

#        20         1      1.54         0  0.873362
0.489252             53.4592             3819.73

#        20         1      1.54         0  0.866176
0.449682             61.0148             4668.83

#        20         1      1.54         0  0.859107
0.423886             66.8432             5380.67

#        20         1      1.54         0  0.852152
0.395888             72.6068             6141.68

#        20         1      1.54         0  0.845309
0.367235             78.4574             6971.71

#        20         1      1.54         0  0.838574
0.344814             83.4093             7727.74

#        20         1      1.54         0  0.831947
0.320257             88.5278             8546.55

#        20         1      1.54         0  0.825423
0.295826              93.044             9324.27

#        20         1      1.54         0  0.819001
0.278046             97.2591             10088.3

#        20         1      1.54         0  0.812678
0.260305             101.364             10856.7

#        20         1      1.54         0  0.806452
0.250759             104.222             11431.2

#        20         1      1.54         0   0.80032
0.231373             107.909             12176.7

#        20         1      1.54         0  0.794281
0.221009             110.667             12748.7

#        20         1      1.54         0  0.788333
0.208178             114.031             13483.9

#        20         1      1.54         0  0.782473
0.196762             117.035             14155.6

#        20         1      1.54         0  0.776699
0.193361             119.172             14650.5

#        20         1      1.54         0   0.77101
0.182357             121.756             15256.9

#        20         1      1.54         0  0.765404
0.178599             123.889             15771.5

#        20         1      1.54         0  0.759878
0.168854             126.445             16391.6

#        20         1      1.54         0  0.754432
0.160894             128.843             16993.9

#        20         1      1.54         0  0.749064
0.159334             130.797             17499.4

#        20         1      1.54         0  0.743771
0.152764             132.855               18023

#        20         1      1.54         0  0.738552
0.148662             134.845             18549.8

#        20         1      1.54         0  0.733407
0.143777             136.733             19057.7

#        20         1      1.54         0  0.728332
0.140353             138.399             19511.7

#        20         1      1.54         0  0.723327
0.134008             140.333             20047.2

#        20         1      1.54         0  0.718391
0.132857             141.993             20512.4

#        20         1      1.54         0  0.713521
0.129852             143.685               20987

#        20         1      1.54         0  0.708717
0.127524             145.232             21433.8

#        20         1      1.54         0  0.703977
0.122952             147.023             21950.1

#        20         1      1.54         0  0.699301
0.120718             148.552             22398.5

#        20         1      1.54         0  0.694686
0.117828             150.108             22860.8

#        20         1      1.54         0  0.690131
0.116674             151.447             23264.4

#        20         1      1.54         0  0.685636
0.113279             152.994             23728.3

#        20         1      1.54         0  0.681199
0.113151             154.501             24190.9

#        20         1      1.54         0  0.676819
0.1091             155.811             24596.8

#        20         1      1.54         0  0.672495
0.108479             157.182             25021.9

#        20         1      1.54         0  0.668226
0.106756             158.514             25441.4

#        20         1      1.54         0  0.664011
0.103372             160.036             25921.8

#        20         1      1.54         0  0.659848
0.103279             161.004             26234.8

#        20         1      1.54         0  0.655738
0.102456             162.463             26704.1

#        20         1      1.54         0  0.651678
0.100254             163.712             27110.1

#        20         1      1.54         0  0.647668
0.0987761               164.9             27500.2

#        20         1      1.54         0  0.643708
0.0977625             166.082             27891.6

#        20         1      1.54         0  0.639795
0.0965352             167.329             28304.4

#        20         1      1.54         0   0.63593
0.0944458             168.549             28711.8

#        20         1      1.54         0  0.632111
0.0933091             169.537             29046.6

#        20         1      1.54         0  0.628338
0.0923008             170.678             29434.8

#        20         1      1.54         0   0.62461
0.090958             172.069             29909.1

#        20         1      1.54         0  0.620925
0.0903971             173.181             30292.6

#        20         1      1.54         0  0.617284
0.0888532             174.167             30633.2

#        20         1      1.54         0  0.613685
0.0883025             175.206             30996.1

#        20         1      1.54         0  0.610128
0.0877825             176.339             31394.5

#        20         1      1.54         0  0.606612
0.0862224              177.45             31789.9

#        20         1      1.54         0  0.603136
0.0860671             178.411             32130.9

#        20         1      1.54         0    0.5997
0.0852874             179.323               32457

#        20         1      1.54         0  0.596303
0.0837146             180.365             32831.5

#        20         1      1.54         0  0.592944
0.0838679             181.302             33169.2

#        20         1      1.54         0  0.589623
0.0829193              182.31             33535.3

#        20         1      1.54         0  0.586338
0.0814962             183.373             33922.4

#        20         1      1.54         0   0.58309
0.0807766             184.314             34267.1

#        20         1      1.54         0  0.579878
0.0800885             185.411             34676.6

#        20         1      1.54         0  0.576701
0.0796734             186.238               34983

#        20         1      1.54         0  0.573559
0.0792269             187.204             35342.8

#        20         1      1.54         0  0.570451
0.0789449             188.022             35650.9

#        20         1      1.54         0  0.567376
0.0778707             189.103             36058.3

#        20         1      1.54         0  0.564334
0.0770849              189.95             36377.3

#        20         1      1.54         0  0.561325
0.0773427             190.791             36698.4

#        20         1      1.54         0  0.558347
0.0760225             191.658             37029.9

#        20         1      1.54         0  0.555401
0.0749005             192.626             37401.7

#        20         1      1.54         0  0.552486
0.075197             193.484             37732.2

#        20         1      1.54         0  0.549602
0.074427             194.325             38059.2

#        20         1      1.54         0  0.546747
0.073634             195.193             38397.5

#        20         1      1.54         0  0.543922
0.0732258             195.978             38706.6

#        20         1      1.54         0  0.541126
0.073367             196.894             39067.8

#        20         1      1.54         0  0.538358
0.0722597             197.789             39417.2

#        20         1      1.54         0  0.535619
0.0718692             198.419             39667.3

#        20         1      1.54         0  0.532907
0.0719478             199.265             40004.9

#        20         1      1.54         0  0.530223
0.0713299             200.116             40345.3

#        20         1      1.54         0  0.527565
0.0708434             200.907             40662.2

#        20         1      1.54         0  0.524934
0.0699813             201.678             40974.4

#        20         1      1.54         0   0.52233
0.0701617             202.471             41293.6

#        20         1      1.54         0  0.519751
0.0695984              203.26             41614.1

#        20         1      1.54         0  0.517197
0.0687911             203.937             41890.6

#        20         1      1.54         0  0.514668
0.0683231             204.735             42217.4

#        20         1      1.54         0  0.512164
0.0681436             205.463               42516

#        20         1      1.54         0  0.509684
0.0679652             206.232             42831.6

#        20         1      1.54         0  0.507228
0.0678026             207.026             43160.7

#        20         1      1.54         0  0.504796
0.0675058              207.76             43465.2

#        20         1      1.54         0  0.502386
0.0668321             208.383             43727.5

#        20         1      1.54         0       0.5
0.0663379             209.234             44081.6

