#    N    J    D    H   B
#     <|m|>       <E>    <E^2>

#        20         1      2.07         0        10
4.93275e-07          0.00437544             1.06583

#        20         1      2.07         0   9.13242
1.5665e-06          0.00445418            0.920795

#        20         1      2.07         0   8.40336
1.39025e-06          0.00535829             1.22778

#        20         1      2.07         0    7.7821
1.50787e-06           0.0051684             1.08149

#        20         1      2.07         0   7.24638
1.37647e-06          0.00500267            0.984579

#        20         1      2.07         0   6.77966
2.59472e-06          0.00580675            0.959587

#        20         1      2.07         0   6.36943
7.26473e-06          0.00819393              1.0587

#        20         1      2.07         0   6.00601
9.54283e-06           0.0118296             1.20005

#        20         1      2.07         0   5.68182
1.69577e-05           0.0175334            0.987859

#        20         1      2.07         0   5.39084
3.29644e-05           0.0287473             1.17271

#        20         1      2.07         0   5.12821
5.03942e-05           0.0456995             1.06597

#        20         1      2.07         0   4.88998
8.11568e-05           0.0721145             1.43068

#        20         1      2.07         0    4.6729
0.00012852            0.111258              1.5323

#        20         1      2.07         0   4.47427
0.000196284            0.170547             1.44135

#        20         1      2.07         0   4.29185
0.000275195            0.240855             1.80534

#        20         1      2.07         0   4.12371
0.000386533            0.343862             2.03198

#        20         1      2.07         0   3.96825
0.000516869            0.470213             2.43049

#        20         1      2.07         0   3.82409
0.000690895            0.642742             2.62824

#        20         1      2.07         0   3.69004
0.000873868            0.848199             3.52874

#        20         1      2.07         0   3.56506
0.00110413             1.11134             4.52303

#        20         1      2.07         0   3.44828
0.00134663             1.42124             6.22993

#        20         1      2.07         0    3.3389
0.0016275              1.8132             8.27385

#        20         1      2.07         0   3.23625
0.00190308             2.23035             10.7698

#        20         1      2.07         0   3.13972
0.00222222             2.76722             14.8571

#        20         1      2.07         0   3.04878
0.00254797             3.36821             19.9195

#        20         1      2.07         0   2.96296
0.00289047             4.05558             26.5724

#        20         1      2.07         0   2.88184
0.00325733             4.83091             35.0454

#        20         1      2.07         0   2.80505
0.00364171             5.72831             46.7188

#        20         1      2.07         0   2.73224
0.00403974             6.72618             61.2142

#        20         1      2.07         0   2.66312
0.00446191             7.85094             80.0998

#        20         1      2.07         0    2.5974
0.00493139              9.1136             104.724

#        20         1      2.07         0   2.53485
0.00541754             10.4803             134.541

#        20         1      2.07         0   2.47525
0.00592967             11.9599             170.974

#        20         1      2.07         0   2.41838
0.00648493              13.609             216.814

#        20         1      2.07         0   2.36407
0.00706352             15.4126             273.809

#        20         1      2.07         0   2.31214
0.0076926             17.3297             340.756

#        20         1      2.07         0   2.26244
0.0083255             19.3524             419.425

#        20         1      2.07         0   2.21484
0.00909554             21.6162             517.138

#        20         1      2.07         0    2.1692
0.00977347             23.9071             626.805

#        20         1      2.07         0    2.1254
0.0106286             26.4413             759.972

#        20         1      2.07         0   2.08333
0.0114878               29.08             912.334

#        20         1      2.07         0    2.0429
0.0123014             31.7943              1083.6

#        20         1      2.07         0   2.00401
0.0132691             34.7084             1283.49

#        20         1      2.07         0   1.96657
0.0142936               37.75             1510.53

#        20         1      2.07         0    1.9305
0.0154072             40.9619             1769.58

#        20         1      2.07         0   1.89573
0.0164041               44.05             2038.08

#        20         1      2.07         0    1.8622
0.0177602             47.5507             2366.25

#        20         1      2.07         0   1.82983
0.0190355             51.0881             2721.16

#        20         1      2.07         0   1.79856
0.0203922             54.6347             3102.36

#        20         1      2.07         0   1.76835
0.0217473              58.246             3516.69

#        20         1      2.07         0   1.73913
0.023237             61.9663             3970.07

#        20         1      2.07         0   1.71086
0.0245427              65.647             4445.33

#        20         1      2.07         0    1.6835
0.0264345             69.5043             4972.66

#        20         1      2.07         0     1.657
0.0277028             73.2154             5507.44

#        20         1      2.07         0   1.63132
0.0296849             77.2277             6116.44

#        20         1      2.07         0   1.60643
0.0312455             80.8771             6695.81

#        20         1      2.07         0   1.58228
0.0329711             84.6736             7328.35

#        20         1      2.07         0   1.55885
0.0342875             88.4685             7988.66

#        20         1      2.07         0    1.5361
0.0362384             92.0559             8637.84

#        20         1      2.07         0     1.514
0.0378436             95.7127             9329.53

#        20         1      2.07         0   1.49254
0.0394162             99.2947             10027.3

#        20         1      2.07         0   1.47167
0.0415021             102.806             10737.9

#        20         1      2.07         0   1.45138
0.0430049             106.285             11465.2

#        20         1      2.07         0   1.43164
0.0441031             109.676             12201.7

#        20         1      2.07         0   1.41243
0.0459205             113.162             12977.4

#        20         1      2.07         0   1.39373
0.047312             116.215               13679

#        20         1      2.07         0   1.37552
0.0489902             119.315               14409

#        20         1      2.07         0   1.35777
0.0504527             122.456               15167

#        20         1      2.07         0   1.34048
0.0524754             125.422               15902

#        20         1      2.07         0   1.32363
0.0526476             128.293             16630.4

#        20         1      2.07         0   1.30719
0.0538631             131.096             17359.5

#        20         1      2.07         0   1.29116
0.055924             133.988               18124

#        20         1      2.07         0   1.27551
0.0565032             136.467             18793.2

#        20         1      2.07         0   1.26024
0.0577825             139.168             19538.3

#        20         1      2.07         0   1.24533
0.0581964              141.67             20240.8

#        20         1      2.07         0   1.23077
0.0590381             144.169             20954.1

#        20         1      2.07         0   1.21655
0.060219             146.531             21641.4

#        20         1      2.07         0   1.20265
0.0610067             148.952             22355.8

#        20         1      2.07         0   1.18906
0.0615014             151.245             23044.8

#        20         1      2.07         0   1.17578
0.062191             153.399             23700.5

#        20         1      2.07         0   1.16279
0.0633803             155.694             24409.3

#        20         1      2.07         0   1.15009
0.0628834               157.7             25037.8

#        20         1      2.07         0   1.13766
0.0636713             159.911             25740.5

#        20         1      2.07         0   1.12549
0.0645033             161.998             26413.4

#        20         1      2.07         0   1.11359
0.0648852             163.931               27043

#        20         1      2.07         0   1.10193
0.0648777             165.857             27678.6

#        20         1      2.07         0   1.09051
0.0650971             167.906             28363.7

#        20         1      2.07         0   1.07933
0.0664669             169.825             29011.8

#        20         1      2.07         0   1.06838
0.065396             171.652             29635.7

#        20         1      2.07         0   1.05764
0.0658939             173.459               30260

#        20         1      2.07         0   1.04712
0.0669042             175.257             30887.3

#        20         1      2.07         0   1.03681
0.0663539             177.073             31527.3

#        20         1      2.07         0   1.02669
0.0670149             178.875               32169

#        20         1      2.07         0   1.01678
0.0666498             180.569             32779.7

#        20         1      2.07         0   1.00705
0.0664686             182.261             33394.5

#        20         1      2.07         0  0.997506
0.0675949             183.896             33994.8

#        20         1      2.07         0  0.988142
0.0671978             185.548             34606.1

#        20         1      2.07         0  0.978953
0.0667321             187.203               35223

#        20         1      2.07         0  0.969932
0.0669569             188.742             35800.9

#        20         1      2.07         0  0.961076
0.0667052             190.486             36464.8

#        20         1      2.07         0  0.952381
0.0674593             191.957             37029.2

#        20         1      2.07         0  0.943841
0.0670299             193.552             37645.9

#        20         1      2.07         0  0.935454
0.0672466             195.135             38260.8

#        20         1      2.07         0  0.927214
0.0670688             196.654               38858

#        20         1      2.07         0  0.919118
0.066586             198.043             39406.9

#        20         1      2.07         0  0.911162
0.0661692             199.636             40042.2

#        20         1      2.07         0  0.903342
0.066057             201.073             40619.3

#        20         1      2.07         0  0.895656
0.0663234             202.493             41192.5

#        20         1      2.07         0  0.888099
0.0663935             203.837             41740.3

#        20         1      2.07         0  0.880669
0.066552             205.298             42340.1

#        20         1      2.07         0  0.873362
0.0663773             206.721             42927.9

#        20         1      2.07         0  0.866176
0.0657383             208.136             43515.4

#        20         1      2.07         0  0.859107
0.066269             209.496             44085.4

#        20         1      2.07         0  0.852152
0.0656986              210.91             44681.6

#        20         1      2.07         0  0.845309
0.0659706             212.312             45275.3

#        20         1      2.07         0  0.838574
0.0651005             213.537             45798.4

#        20         1      2.07         0  0.831947
0.065165             214.927             46395.5

#        20         1      2.07         0  0.825423
0.0646512             216.164             46931.7

#        20         1      2.07         0  0.819001
0.0649281             217.512               47517

#        20         1      2.07         0  0.812678
0.0644074             218.888             48119.4

#        20         1      2.07         0  0.806452
0.0648749             220.136             48667.9

#        20         1      2.07         0   0.80032
0.0641839             221.461             49254.2

#        20         1      2.07         0  0.794281
0.0638947             222.718             49814.1

#        20         1      2.07         0  0.788333
0.0635628             223.969             50374.5

#        20         1      2.07         0  0.782473
0.0634097             225.179               50919

#        20         1      2.07         0  0.776699
0.0633067             226.452             51496.3

#        20         1      2.07         0   0.77101
0.0634912             227.649             52042.3

#        20         1      2.07         0  0.765404
0.0633702             228.921             52624.4

#        20         1      2.07         0  0.759878
0.0632164             230.105             53168.8

#        20         1      2.07         0  0.754432
0.0626911             231.267             53706.7

#        20         1      2.07         0  0.749064
0.0630706             232.457             54258.5

#        20         1      2.07         0  0.743771
0.0625428             233.592             54789.5

#        20         1      2.07         0  0.738552
0.0621126              234.84             55376.1

#        20         1      2.07         0  0.733407
0.0619208             236.045             55945.7

#        20         1      2.07         0  0.728332
0.0620658             237.168             56477.2

#        20         1      2.07         0  0.723327
0.0617175             238.297             57016.8

#        20         1      2.07         0  0.718391
0.0608805             239.562             57623.2

#        20         1      2.07         0  0.713521
0.061406             240.664             58152.8

#        20         1      2.07         0  0.708717
0.0612298             241.731             58668.2

#        20         1      2.07         0  0.703977
0.0608713             242.833             59205.5

#        20         1      2.07         0  0.699301
0.0606258             244.025             59785.2

#        20         1      2.07         0  0.694686
0.0609583             245.094             60311.2

#        20         1      2.07         0  0.690131
0.0608972             246.281               60896

#        20         1      2.07         0  0.685636
0.060126             247.299             61399.7

#        20         1      2.07         0  0.681199
0.0603208             248.379             61937.1

#        20         1      2.07         0  0.676819
0.0601139             249.399             62446.9

#        20         1      2.07         0  0.672495
0.0596313             250.592             63045.1

#        20         1      2.07         0  0.668226
0.0597377             251.576             63541.2

#        20         1      2.07         0  0.664011
0.0596182             252.665               64091

#        20         1      2.07         0  0.659848
0.0593831             253.708             64620.8

#        20         1      2.07         0  0.655738
0.0595794             254.674             65113.7

#        20         1      2.07         0  0.651678
0.0588325             255.787             65683.7

#        20         1      2.07         0  0.647668
0.059003             256.687             66147.1

#        20         1      2.07         0  0.643708
0.0586608             257.793             66716.8

#        20         1      2.07         0  0.639795
0.0586206             258.878             67278.6

#        20         1      2.07         0   0.63593
0.0580523              259.81             67763.2

#        20         1      2.07         0  0.632111
0.0579935             260.874             68319.9

#        20         1      2.07         0  0.628338
0.0580089             261.813             68812.6

#        20         1      2.07         0   0.62461
0.0580428             262.799               69331

#        20         1      2.07         0  0.620925
0.057824             263.895             69908.9

#        20         1      2.07         0  0.617284
0.0576189             264.851             70416.4

#        20         1      2.07         0  0.613685
0.0573223             265.739             70889.9

#        20         1      2.07         0  0.610128
0.0570981             266.796             71452.3

#        20         1      2.07         0  0.606612
0.0572521             267.691             71933.8

#        20         1      2.07         0  0.603136
0.0570185             268.594             72418.5

#        20         1      2.07         0    0.5997
0.0566983             269.586             72954.5

#        20         1      2.07         0  0.596303
0.0564691             270.493             73444.2

#        20         1      2.07         0  0.592944
0.0564371             271.507             73997.1

#        20         1      2.07         0  0.589623
0.0561672              272.51               74543

#        20         1      2.07         0  0.586338
0.056248             273.399             75031.1

#        20         1      2.07         0   0.58309
0.056176             274.215             75478.5

#        20         1      2.07         0  0.579878
0.0558148             275.229             76037.5

#        20         1      2.07         0  0.576701
0.0558696             276.036             76482.6

#        20         1      2.07         0  0.573559
0.0554239             276.964             76997.8

#        20         1      2.07         0  0.570451
0.0553886             277.883             77510.1

#        20         1      2.07         0  0.567376
0.0550423             278.766             78001.2

#        20         1      2.07         0  0.564334
0.0553691             279.742             78548.9

#        20         1      2.07         0  0.561325
0.055019             280.605             79033.4

#        20         1      2.07         0  0.558347
0.0551006             281.475             79524.2

#        20         1      2.07         0  0.555401
0.0547879             282.374             80031.1

#        20         1      2.07         0  0.552486
0.0548512             283.142             80467.2

#        20         1      2.07         0  0.549602
0.0547061             284.014             80964.2

#        20         1      2.07         0  0.546747
0.0544716             284.876             81456.6

#        20         1      2.07         0  0.543922
0.054278             285.801             81985.8

#        20         1      2.07         0  0.541126
0.0541213             286.657             82477.7

#        20         1      2.07         0  0.538358
0.0540653             287.507             82965.6

#        20         1      2.07         0  0.535619
0.0541801              288.27               83407

#        20         1      2.07         0  0.532907
0.0536504             289.176             83932.7

#        20         1      2.07         0  0.530223
0.0538295             289.978             84396.6

#        20         1      2.07         0  0.527565
0.053356             290.911             84941.7

#        20         1      2.07         0  0.524934
0.0534998             291.619             85354.7

#        20         1      2.07         0   0.52233
0.053479             292.441             85836.8

#        20         1      2.07         0  0.519751
0.0534067             293.257             86313.7

#        20         1      2.07         0  0.517197
0.0528483             294.036             86775.5

#        20         1      2.07         0  0.514668
0.053011             294.914             87290.8

#        20         1      2.07         0  0.512164
0.0528004             295.781             87806.3

#        20         1      2.07         0  0.509684
0.0527558             296.427             88188.8

#        20         1      2.07         0  0.507228
0.0526691             297.169             88631.6

#        20         1      2.07         0  0.504796
0.0525325              298.11             89194.2

#        20         1      2.07         0  0.502386
0.052385             298.836             89626.4

#        20         1      2.07         0       0.5
0.0526213             299.583             90075.6

