#    N    J    D    H   B
#     <|m|>       <E>    <E^2>

#        20         1      0.52         0        10
0.999417            -591.847              350296

#        20         1      0.52         0   9.13242
0.999738            -591.916              350377

#        20         1      0.52         0   8.40336
0.20019            -511.968              262114

#        20         1      0.52         0    7.7821
0.999869            -591.956              350419

#        20         1      0.52         0   7.24638
0.399954            -511.945              262091

#        20         1      0.52         0   6.77966
0.99961             -591.91              350369

#        20         1      0.52         0   6.36943
0.999619            -591.915              350374

#        20         1      0.52         0   6.00601
0.999743            -591.937              350398

#        20         1      0.52         0   5.68182
0.499847             -511.94              262087

#        20         1      0.52         0   5.39084
9.49134e-05            -511.934              262080

#        20         1      0.52         0   5.12821
0.999875            -591.964              350428

#        20         1      0.52         0   4.88998
0.999828            -591.952              350415

#        20         1      0.52         0    4.6729
0.999841            -591.957              350420

#        20         1      0.52         0   4.47427
0.999954            -591.978              350444

#        20         1      0.52         0   4.29185
0.999855            -591.959              350423

#        20         1      0.52         0   4.12371
0.100091            -511.652              261791

#        20         1      0.52         0   3.96825
0.434287            -511.531              261667

#        20         1      0.52         0   3.82409
0.390207            -511.422              261556

#        20         1      0.52         0   3.69004
0.999755            -591.948              350409

#        20         1      0.52         0   3.56506
0.10959            -511.089              261218

#        20         1      0.52         0   3.44828
0.99975            -591.935              350397

#        20         1      0.52         0    3.3389
0.994279            -591.024              349454

#        20         1      0.52         0   3.23625
0.999899            -591.954              350416

#        20         1      0.52         0   3.13972
0.949857            -582.778              340305

#        20         1      0.52         0   3.04878
0.895773            -579.547              336751

#        20         1      0.52         0   2.96296
0.999785            -591.911              350366

#        20         1      0.52         0   2.88184
0.999377            -591.838              350288

#        20         1      0.52         0   2.80505
0.955966            -586.901              344852

#        20         1      0.52         0   2.73224
0.999699            -591.846              350290

#        20         1      0.52         0   2.66312
0.99984            -591.848              350290

#        20         1      0.52         0    2.5974
0.999757            -591.794              350228

#        20         1      0.52         0   2.53485
0.946553            -585.267              343059

#        20         1      0.52         0   2.47525
0.999474            -591.677              350093

#        20         1      0.52         0   2.41838
0.999514            -591.631              350038

#        20         1      0.52         0   2.36407
0.970955            -587.284              345271

#        20         1      0.52         0   2.31214
0.99171            -590.423              348704

#        20         1      0.52         0   2.26244
0.999462            -591.428              349797

#        20         1      0.52         0   2.21484
0.999509             -591.35              349702

#        20         1      0.52         0    2.1692
0.999372            -591.224              349555

#        20         1      0.52         0    2.1254
0.992583            -590.297              348532

#        20         1      0.52         0   2.08333
0.998978            -590.935              349217

#        20         1      0.52         0    2.0429
0.99898             -590.81              349069

#        20         1      0.52         0   2.00401
0.998921            -590.638              348865

#        20         1      0.52         0   1.96657
0.964936            -586.463              344305

#        20         1      0.52         0    1.9305
0.998599            -590.239              348396

#        20         1      0.52         0   1.89573
0.998422            -590.006              348123

#        20         1      0.52         0    1.8622
0.998233            -589.746              347818

#        20         1      0.52         0   1.82983
0.99807            -589.491              347516

#        20         1      0.52         0   1.79856
0.997835            -589.199              347174

#        20         1      0.52         0   1.76835
0.997446            -588.866              346785

#        20         1      0.52         0   1.73913
0.977431             -586.18              343854

#        20         1      0.52         0   1.71086
0.997082            -588.188              345988

#        20         1      0.52         0    1.6835
0.974257            -584.894              342403

#        20         1      0.52         0     1.657
0.996587            -587.428              345096

#        20         1      0.52         0   1.63132
0.996189            -586.938              344523

#        20         1      0.52         0   1.60643
0.995944            -586.534              344049

#        20         1      0.52         0   1.58228
0.995583                -586              343425

#        20         1      0.52         0   1.55885
0.995125            -585.467              342804

#        20         1      0.52         0    1.5361
0.994582            -584.922              342170

#        20         1      0.52         0     1.514
0.994398            -584.357              341507

#        20         1      0.52         0   1.49254
0.993902            -583.746              340797

#        20         1      0.52         0   1.47167
0.993325            -583.076              340019

#        20         1      0.52         0   1.45138
0.992857            -582.364              339190

#        20         1      0.52         0   1.43164
0.99226            -581.715              338440

#        20         1      0.52         0   1.41243
0.991882             -580.96              337562

#        20         1      0.52         0   1.39373
0.991156            -580.141              336617

#        20         1      0.52         0   1.37552
0.986914            -578.931              335264

#        20         1      0.52         0   1.35777
0.989934            -578.485              334704

#        20         1      0.52         0   1.34048
0.989301            -577.617              333706

#        20         1      0.52         0   1.32363
0.988625            -576.685              332631

#        20         1      0.52         0   1.30719
0.987868            -575.666              331458

#        20         1      0.52         0   1.29116
0.979574            -573.705              329323

#        20         1      0.52         0   1.27551
0.986439            -573.782              329302

#        20         1      0.52         0   1.26024
0.978039             -571.61              326925

#        20         1      0.52         0   1.24533
0.9848            -571.629              326846

#        20         1      0.52         0   1.23077
0.984002            -570.396              325439

#        20         1      0.52         0   1.21655
0.983025            -569.177              324058

#        20         1      0.52         0   1.20265
0.982116            -567.997              322718

#        20         1      0.52         0   1.18906
0.970554            -565.302              319817

#        20         1      0.52         0   1.17578
0.976141            -564.827              319202

#        20         1      0.52         0   1.16279
0.976697            -563.692              317903

#        20         1      0.52         0   1.15009
0.978161            -562.789              316851

#        20         1      0.52         0   1.13766
0.971433            -560.481              314351

#        20         1      0.52         0   1.12549
0.974535            -559.554              313256

#        20         1      0.52         0   1.11359
0.974605             -558.34              311884

#        20         1      0.52         0   1.10193
0.969801             -556.22              309590

#        20         1      0.52         0   1.09051
0.972151             -555.13              308321

#        20         1      0.52         0   1.07933
0.970951            -553.522              306545

#        20         1      0.52         0   1.06838
0.969387            -551.771              304621

#        20         1      0.52         0   1.05764
0.968228            -550.161              302853

#        20         1      0.52         0   1.04712
0.965192            -548.105              300626

#        20         1      0.52         0   1.03681
0.964367            -546.314              298666

#        20         1      0.52         0   1.02669
0.964083            -544.749              296949

#        20         1      0.52         0   1.01678
0.962568            -542.818              294857

#        20         1      0.52         0   1.00705
0.960866            -540.865              292750

#        20         1      0.52         0  0.997506
0.959335            -538.883              290618

#        20         1      0.52         0  0.988142
0.957785            -536.841              288427

#        20         1      0.52         0  0.978953
0.956214            -534.883              286338

#        20         1      0.52         0  0.969932
0.954484            -532.702              284018

#        20         1      0.52         0  0.961076
0.952177            -530.306              281492

#        20         1      0.52         0  0.952381
0.950288            -528.138              279210

#        20         1      0.52         0  0.943841
0.948674            -525.857              276812

#        20         1      0.52         0  0.935454
0.94641            -523.533              274392

#        20         1      0.52         0  0.927214
0.944886            -521.233              271991

#        20         1      0.52         0  0.919118
0.941446            -518.563              269252

#        20         1      0.52         0  0.911162
0.94109            -516.441              267035

#        20         1      0.52         0  0.903342
0.938825            -513.925              264463

#        20         1      0.52         0  0.895656
0.93659            -511.304              261785

#        20         1      0.52         0  0.888099
0.934503            -508.617              259055

#        20         1      0.52         0  0.880669
0.932078            -505.911              256326

#        20         1      0.52         0  0.873362
0.929709            -503.119              253525

#        20         1      0.52         0  0.866176
0.927242            -500.301              250712

#        20         1      0.52         0  0.859107
0.924878            -497.441              247867

#        20         1      0.52         0  0.852152
0.921878            -494.493              244967

#        20         1      0.52         0  0.845309
0.918174             -491.36              241915

#        20         1      0.52         0  0.838574
0.916772            -488.545              239154

#        20         1      0.52         0  0.831947
0.912733            -485.151              235880

#        20         1      0.52         0  0.825423
0.911388            -482.343              233161

#        20         1      0.52         0  0.819001
0.90776            -478.963              229943

#        20         1      0.52         0  0.812678
0.90543            -475.858              226983

#        20         1      0.52         0  0.806452
0.902297            -472.433              223753

#        20         1      0.52         0   0.80032
0.898806            -468.762              220325

#        20         1      0.52         0  0.794281
0.895671            -465.535              217332

#        20         1      0.52         0  0.788333
0.892285            -461.988              214065

#        20         1      0.52         0  0.782473
0.888933            -458.261              210645

#        20         1      0.52         0  0.776699
0.885076            -454.672              207401

#        20         1      0.52         0   0.77101
0.88088            -450.332              203499

#        20         1      0.52         0  0.765404
0.87746            -446.678              200241

#        20         1      0.52         0  0.759878
0.873068            -442.605              196661

#        20         1      0.52         0  0.754432
0.868555            -438.124              192740

#        20         1      0.52         0  0.749064
0.86441            -434.212              189358

#        20         1      0.52         0  0.743771
0.860026            -429.819              185579

#        20         1      0.52         0  0.738552
0.85276            -425.208              181716

#        20         1      0.52         0  0.733407
0.850202            -420.883              178050

#        20         1      0.52         0  0.728332
0.843941            -415.797              173837

#        20         1      0.52         0  0.723327
0.839618            -411.415              170239

#        20         1      0.52         0  0.718391
0.832474            -406.278              166106

#        20         1      0.52         0  0.713521
0.827812             -401.71              162438

#        20         1      0.52         0  0.708717
0.820735            -396.157              158054

#        20         1      0.52         0  0.703977
0.815555            -391.556              154453

#        20         1      0.52         0  0.699301
0.807744            -385.924              150146

#        20         1      0.52         0  0.694686
0.80038            -380.296              145881

#        20         1      0.52         0  0.690131
0.791376            -374.161              141328

#        20         1      0.52         0  0.685636
0.781161            -367.696              136610

#        20         1      0.52         0  0.681199
0.771115            -361.326              132051

#        20         1      0.52         0  0.676819
0.76127            -354.911              127515

#        20         1      0.52         0  0.672495
0.750919            -348.755              123260

#        20         1      0.52         0  0.668226
0.741544             -342.13              118705

#        20         1      0.52         0  0.664011
0.719894            -333.039              112781

#        20         1      0.52         0  0.659848
0.708428            -326.346              108418

#        20         1      0.52         0  0.655738
0.685829            -317.164              102684

#        20         1      0.52         0  0.651678
0.67076            -309.476             97926.5

#        20         1      0.52         0  0.647668
0.648186            -300.639             92654.3

#        20         1      0.52         0  0.643708
0.631456            -293.044               88185

#        20         1      0.52         0  0.639795
0.601736            -282.876             82453.4

#        20         1      0.52         0   0.63593
0.57357            -272.905             76919.7

#        20         1      0.52         0  0.632111
0.53673            -261.626             70968.7

#        20         1      0.52         0  0.628338
0.516853            -253.852             66902.5

#        20         1      0.52         0   0.62461
0.489624             -245.14             62541.2

#        20         1      0.52         0  0.620925
0.451858            -234.596             57407.4

#        20         1      0.52         0  0.617284
0.442567            -229.275             54889.1

#        20         1      0.52         0  0.613685
0.40612            -219.421             50392.3

#        20         1      0.52         0  0.610128
0.389218            -212.497             47266.1

#        20         1      0.52         0  0.606612
0.358898            -204.765             43949.5

#        20         1      0.52         0  0.603136
0.33623            -197.526             40896.9

#        20         1      0.52         0    0.5997
0.327617            -192.579             38938.7

#        20         1      0.52         0  0.596303
0.2972            -184.834             35876.9

#        20         1      0.52         0  0.592944
0.279893            -178.884             33605.2

#        20         1      0.52         0  0.589623
0.274903            -174.981             32180.1

#        20         1      0.52         0  0.586338
0.256739            -169.353               30173

#        20         1      0.52         0   0.58309
0.249641            -165.455             28809.4

#        20         1      0.52         0  0.579878
0.232516            -160.174             27026.8

#        20         1      0.52         0  0.576701
0.220805             -155.77             25583.3

#        20         1      0.52         0  0.573559
0.214127            -151.399             24170.1

#        20         1      0.52         0  0.570451
0.209908            -148.418             23276.5

#        20         1      0.52         0  0.567376
0.197209            -144.122             21959.8

#        20         1      0.52         0  0.564334
0.19335            -141.253             21119.2

#        20         1      0.52         0  0.561325
0.187328            -137.529               20053

#        20         1      0.52         0  0.558347
0.179397            -133.626             18941.5

#        20         1      0.52         0  0.555401
0.175973             -130.84             18184.6

#        20         1      0.52         0  0.552486
0.169826            -127.707             17361.7

#        20         1      0.52         0  0.549602
0.165858            -125.031             16652.1

#        20         1      0.52         0  0.546747
0.160194            -122.172             15929.2

#        20         1      0.52         0  0.543922
0.156554            -118.809             15092.7

#        20         1      0.52         0  0.541126
0.152844             -116.23             14471.6

#        20         1      0.52         0  0.538358
0.149684            -113.677               13865

#        20         1      0.52         0  0.535619
0.144814            -110.916             13225.9

#        20         1      0.52         0  0.532907
0.141883            -108.705             12738.6

#        20         1      0.52         0  0.530223
0.13985            -105.984             12139.4

#        20         1      0.52         0  0.527565
0.136482            -103.944             11691.3

#        20         1      0.52         0  0.524934
0.13465            -101.581               11192

#        20         1      0.52         0   0.52233
0.131705            -99.1624               10691

#        20         1      0.52         0  0.519751
0.128749            -97.3962             10334.8

#        20         1      0.52         0  0.517197
0.125714            -94.7321             9813.51

#        20         1      0.52         0  0.514668
0.124718            -92.8722             9456.77

#        20         1      0.52         0  0.512164
0.122237             -90.475             8990.88

#        20         1      0.52         0  0.509684
0.121253            -88.8437             8701.12

#        20         1      0.52         0  0.507228
0.118657            -86.7305             8316.37

#        20         1      0.52         0  0.504796
0.116509            -85.1441             8034.31

#        20         1      0.52         0  0.502386
0.114315            -83.1198             7687.57

#        20         1      0.52         0       0.5
0.113872             -81.438             7395.65

