#    N    J    D    H   B
#     <|m|>       <E>    <E^2>

#        20         1      1.17         0        10
0.999386              -331.9              110168

#        20         1      1.17         0   9.13242
0.299951            -258.781             66970.3

#        20         1      1.17         0   8.40336
0.999894            -331.968              110208

#        20         1      1.17         0    7.7821
0.253362            -258.767             66963.2

#        20         1      1.17         0   7.24638
0.999497            -331.917              110179

#        20         1      1.17         0   6.77966
0.999821             -331.96              110203

#        20         1      1.17         0   6.36943
0.111697            -258.668             66912.4

#        20         1      1.17         0   6.00601
0.143824            -258.616             66885.3

#        20         1      1.17         0   5.68182
0.0519351            -258.524             66837.4

#        20         1      1.17         0   5.39084
0.999581            -331.931              110187

#        20         1      1.17         0   5.12821
0.999937            -331.977              110214

#        20         1      1.17         0   4.88998
0.99988            -331.966              110207

#        20         1      1.17         0    4.6729
0.999546            -331.926              110184

#        20         1      1.17         0   4.47427
0.999804            -331.948              110198

#        20         1      1.17         0   4.29185
0.999755            -331.945              110194

#        20         1      1.17         0   4.12371
0.999932            -331.971              110209

#        20         1      1.17         0   3.96825
0.999721            -331.936              110188

#        20         1      1.17         0   3.82409
0.999621            -331.919              110179

#        20         1      1.17         0   3.69004
0.999866            -331.938              110188

#        20         1      1.17         0   3.56506
0.999575            -331.891              110160

#        20         1      1.17         0   3.44828
0.999681             -331.88              110152

#        20         1      1.17         0    3.3389
0.999681            -331.862              110140

#        20         1      1.17         0   3.23625
0.837515            -316.326              101072

#        20         1      1.17         0   3.13972
0.999654            -331.793              110094

#        20         1      1.17         0   3.04878
0.999747            -331.767              110075

#        20         1      1.17         0   2.96296
0.999526             -331.69              110026

#        20         1      1.17         0   2.88184
0.999275            -331.598              109968

#        20         1      1.17         0   2.80505
0.999499            -331.553              109935

#        20         1      1.17         0   2.73224
0.993439            -330.816              109500

#        20         1      1.17         0   2.66312
0.880053             -318.11              102136

#        20         1      1.17         0    2.5974
0.999168            -331.211              109710

#        20         1      1.17         0   2.53485
0.995035             -330.61              109351

#        20         1      1.17         0   2.47525
0.998724             -330.88              109494

#        20         1      1.17         0   2.41838
0.996211            -330.346              109168

#        20         1      1.17         0   2.36407
0.99864            -330.512              109247

#        20         1      1.17         0   2.31214
0.994002              -329.8              108819

#        20         1      1.17         0   2.26244
0.998092            -330.006              108915

#        20         1      1.17         0   2.21484
0.984944            -328.231              107875

#        20         1      1.17         0    2.1692
0.973773            -326.898              107090

#        20         1      1.17         0    2.1254
0.997294             -329.05              108288

#        20         1      1.17         0   2.08333
0.97584             -326.43              106766

#        20         1      1.17         0    2.0429
0.996351            -328.207              107738

#        20         1      1.17         0   2.00401
0.995972            -327.761              107447

#        20         1      1.17         0   1.96657
0.985257            -326.214              106533

#        20         1      1.17         0    1.9305
0.995189             -326.75              106787

#        20         1      1.17         0   1.89573
0.99467            -326.207              106436

#        20         1      1.17         0    1.8622
0.991213            -325.237              105833

#        20         1      1.17         0   1.82983
0.975405            -322.874              104460

#        20         1      1.17         0   1.79856
0.992733            -324.212              105143

#        20         1      1.17         0   1.76835
0.991987            -323.516              104699

#        20         1      1.17         0   1.73913
0.990077            -322.604              104122

#        20         1      1.17         0   1.71086
0.990646            -321.937              103680

#        20         1      1.17         0    1.6835
0.989649                -321              103085

#        20         1      1.17         0     1.657
0.987987            -320.032              102475

#        20         1      1.17         0   1.63132
0.982985            -318.645              101636

#        20         1      1.17         0   1.60643
0.986877            -318.124              101257

#        20         1      1.17         0   1.58228
0.986174            -317.145              100633

#        20         1      1.17         0   1.55885
0.984946            -316.004             99916.5

#        20         1      1.17         0    1.5361
0.983788            -314.867             99204.4

#        20         1      1.17         0     1.514
0.974532            -312.657             97912.8

#        20         1      1.17         0   1.49254
0.981638            -312.436             97683.2

#        20         1      1.17         0   1.47167
0.98036            -311.178             96903.8

#        20         1      1.17         0   1.45138
0.978983            -309.829             96071.8

#        20         1      1.17         0   1.43164
0.977729            -308.286             95118.9

#        20         1      1.17         0   1.41243
0.976195            -306.868             94254.2

#        20         1      1.17         0   1.39373
0.974772            -305.457             93393.9

#        20         1      1.17         0   1.37552
0.973303            -303.846             92416.5

#        20         1      1.17         0   1.35777
0.971667            -302.271             91468.9

#        20         1      1.17         0   1.34048
0.969944            -300.564             90445.1

#        20         1      1.17         0   1.32363
0.968354            -298.858             89426.8

#        20         1      1.17         0   1.30719
0.96503            -296.864             88266.5

#        20         1      1.17         0   1.29116
0.964743            -295.313             87331.7

#        20         1      1.17         0   1.27551
0.962772            -293.434             86234.7

#        20         1      1.17         0   1.26024
0.955074            -290.745             84743.1

#        20         1      1.17         0   1.24533
0.957715            -289.344             83875.1

#        20         1      1.17         0   1.23077
0.956617             -287.41             82758.4

#        20         1      1.17         0   1.21655
0.954609            -285.386             81601.6

#        20         1      1.17         0   1.20265
0.952287            -283.272               80409

#        20         1      1.17         0   1.18906
0.950054            -280.994             79127.3

#        20         1      1.17         0   1.17578
0.94757            -278.778             77898.8

#        20         1      1.17         0   1.16279
0.937885            -275.468             76152.9

#        20         1      1.17         0   1.15009
0.942803            -274.177             75367.7

#        20         1      1.17         0   1.13766
0.940184            -271.777             74066.9

#        20         1      1.17         0   1.12549
0.937446            -269.163             72661.7

#        20         1      1.17         0   1.11359
0.934483            -266.638             71324.1

#        20         1      1.17         0   1.10193
0.932093            -264.243             70053.8

#        20         1      1.17         0   1.09051
0.928911            -261.356             68547.8

#        20         1      1.17         0   1.07933
0.926095             -258.81             67232.6

#        20         1      1.17         0   1.06838
0.92263            -255.943             65774.7

#        20         1      1.17         0   1.05764
0.920086            -253.367             64465.2

#        20         1      1.17         0   1.04712
0.916538              -250.4             62986.7

#        20         1      1.17         0   1.03681
0.913492            -247.556             61576.2

#        20         1      1.17         0   1.02669
0.909175            -244.457             60077.3

#        20         1      1.17         0   1.01678
0.906275            -241.382             58585.6

#        20         1      1.17         0   1.00705
0.902813            -238.389               57159

#        20         1      1.17         0  0.997506
0.899251            -235.382             55745.9

#        20         1      1.17         0  0.988142
0.895563            -232.154             54248.1

#        20         1      1.17         0  0.978953
0.891482            -228.901             52765.4

#        20         1      1.17         0  0.969932
0.887628            -225.567             51258.7

#        20         1      1.17         0  0.961076
0.883636            -222.275             49805.3

#        20         1      1.17         0  0.952381
0.879123            -218.832             48305.9

#        20         1      1.17         0  0.943841
0.874953             -215.24             46753.5

#        20         1      1.17         0  0.935454
0.870243            -211.516             45182.6

#        20         1      1.17         0  0.927214
0.865609            -207.907             43687.3

#        20         1      1.17         0  0.919118
0.85946            -204.028             42123.1

#        20         1      1.17         0  0.911162
0.856047            -200.506             40693.1

#        20         1      1.17         0  0.903342
0.850959            -196.628               39174

#        20         1      1.17         0  0.895656
0.845764            -192.783             37689.6

#        20         1      1.17         0  0.888099
0.838278            -188.269             36017.2

#        20         1      1.17         0  0.880669
0.834338             -184.45             34592.4

#        20         1      1.17         0  0.873362
0.828237            -180.227             33079.5

#        20         1      1.17         0  0.866176
0.821338            -175.498             31427.6

#        20         1      1.17         0  0.859107
0.815137            -171.235             29979.8

#        20         1      1.17         0  0.852152
0.808904            -166.981             28558.6

#        20         1      1.17         0  0.845309
0.801715             -162.42             27093.2

#        20         1      1.17         0  0.838574
0.793077            -156.926             25362.9

#        20         1      1.17         0  0.831947
0.784325            -151.609               23763

#        20         1      1.17         0  0.825423
0.776683            -147.142             22454.5

#        20         1      1.17         0  0.819001
0.768417            -142.155             21041.3

#        20         1      1.17         0  0.812678
0.758185            -136.634             19545.9

#        20         1      1.17         0  0.806452
0.746704            -130.792             18056.7

#        20         1      1.17         0   0.80032
0.736976            -125.598             16762.1

#        20         1      1.17         0  0.794281
0.724449            -119.423             15299.4

#        20         1      1.17         0  0.788333
0.710882            -112.986               13850

#        20         1      1.17         0  0.782473
0.696447            -106.404             12450.2

#        20         1      1.17         0  0.776699
0.675656            -99.0988             11062.8

#        20         1      1.17         0   0.77101
0.653735            -91.4635             9689.39

#        20         1      1.17         0  0.765404
0.637513             -85.224             8637.66

#        20         1      1.17         0  0.759878
0.610286            -76.5929             7343.25

#        20         1      1.17         0  0.754432
0.577421            -67.2888             6038.77

#        20         1      1.17         0  0.749064
0.555161            -60.1309             5136.32

#        20         1      1.17         0  0.743771
0.52286            -51.3197             4168.04

#        20         1      1.17         0  0.738552
0.49037            -43.2562             3419.79

#        20         1      1.17         0  0.733407
0.459416             -35.239             2765.63

#        20         1      1.17         0  0.728332
0.437399            -28.7873             2287.98

#        20         1      1.17         0  0.723327
0.409379            -21.4727             1859.41

#        20         1      1.17         0  0.718391
0.374561             -13.654             1523.59

#        20         1      1.17         0  0.713521
0.357216             -8.5519             1343.35

#        20         1      1.17         0  0.708717
0.329754            -1.63029             1193.74

#        20         1      1.17         0  0.703977
0.308289             3.94493             1120.08

#        20         1      1.17         0  0.699301
0.289324             8.89882              1123.3

#        20         1      1.17         0  0.694686
0.271783             13.5554             1191.86

#        20         1      1.17         0  0.690131
0.256153             17.9402             1256.55

#        20         1      1.17         0  0.685636
0.245652              21.603             1370.64

#        20         1      1.17         0  0.681199
0.229063             26.4696             1547.62

#        20         1      1.17         0  0.676819
0.225013             29.0852             1666.17

#        20         1      1.17         0  0.672495
0.20674             33.4557             1890.09

#        20         1      1.17         0  0.668226
0.203666             36.0601             2064.88

#        20         1      1.17         0  0.664011
0.194702             39.2074             2268.41

#        20         1      1.17         0  0.659848
0.190018             41.7787             2463.02

#        20         1      1.17         0  0.655738
0.179531             45.2336             2726.51

#        20         1      1.17         0  0.651678
0.171317             47.9648             2963.21

#        20         1      1.17         0  0.647668
0.167366              50.612             3195.96

#        20         1      1.17         0  0.643708
0.163112             52.9458             3432.39

#        20         1      1.17         0  0.639795
0.158168             55.5232             3696.94

#        20         1      1.17         0   0.63593
0.152017             57.8003             3936.73

#        20         1      1.17         0  0.632111
0.147469             60.1366             4202.44

#        20         1      1.17         0  0.628338
0.143827             62.2976             4453.24

#        20         1      1.17         0   0.62461
0.140627             64.5221             4726.02

#        20         1      1.17         0  0.620925
0.136734             66.5271             4976.47

#        20         1      1.17         0  0.617284
0.132725             68.5588             5243.94

#        20         1      1.17         0  0.613685
0.131581              70.393             5496.38

#        20         1      1.17         0  0.610128
0.129103             72.2028             5742.16

#        20         1      1.17         0  0.606612
0.127899             73.8744             5981.43

#        20         1      1.17         0  0.603136
0.124688             75.7201             6247.08

#        20         1      1.17         0    0.5997
0.122031             77.7224             6541.98

#        20         1      1.17         0  0.596303
0.118686              79.445             6808.84

#        20         1      1.17         0  0.592944
0.11692             80.7927             7021.54

#        20         1      1.17         0  0.589623
0.114601             82.5919             7308.96

#        20         1      1.17         0  0.586338
0.113305             83.8636             7518.11

#        20         1      1.17         0   0.58309
0.110516             85.9363             7867.05

#        20         1      1.17         0  0.579878
0.10947             87.2461             8082.94

#        20         1      1.17         0  0.576701
0.106886             88.7297             8339.85

#        20         1      1.17         0  0.573559
0.106215             90.1467             8592.04

#        20         1      1.17         0  0.570451
0.105795             91.6998             8866.15

#        20         1      1.17         0  0.567376
0.103529             93.0681             9115.47

#        20         1      1.17         0  0.564334
0.101721             94.4516             9370.98

#        20         1      1.17         0  0.561325
0.100747             95.8933             9642.35

#        20         1      1.17         0  0.558347
0.0994175             97.1836             9886.61

#        20         1      1.17         0  0.555401
0.0984628             98.4728             10134.7

#        20         1      1.17         0  0.552486
0.0969696              99.789             10393.8

#        20         1      1.17         0  0.549602
0.0958106             100.989             10630.2

#        20         1      1.17         0  0.546747
0.0942004             102.238             10882.1

#        20         1      1.17         0  0.543922
0.0932656             103.326             11107.5

#        20         1      1.17         0  0.541126
0.0925701             104.677             11383.7

#        20         1      1.17         0  0.538358
0.0906479             105.818             11615.2

#        20         1      1.17         0  0.535619
0.0900305             106.928             11852.8

#        20         1      1.17         0  0.532907
0.0896563              107.97             12074.8

#        20         1      1.17         0  0.530223
0.0884019             109.268             12353.1

#        20         1      1.17         0  0.527565
0.0878211             110.082             12529.2

#        20         1      1.17         0  0.524934
0.0872728             111.283             12793.1

#        20         1      1.17         0   0.52233
0.0856428             112.534             13069.3

#        20         1      1.17         0  0.519751
0.085043             113.516             13288.4

#        20         1      1.17         0  0.517197
0.0844211             114.539             13518.5

#        20         1      1.17         0  0.514668
0.0833462             115.559             13752.6

#        20         1      1.17         0  0.512164
0.082364             116.571             13986.6

#        20         1      1.17         0  0.509684
0.0823617             117.472             14198.4

#        20         1      1.17         0  0.507228
0.0811219             118.507             14440.3

#        20         1      1.17         0  0.504796
0.0808362             119.442             14661.8

#        20         1      1.17         0  0.502386
0.0802072             120.207             14843.6

#        20         1      1.17         0       0.5
0.0790718              121.28             15098.2

