#    N    J    D    H   B
#     <|m|>       <E>    <E^2>

#        20         1       1.4         0        10
0.198853            -175.698             30879.2

#        20         1       1.4         0   9.13242
0.999129             -239.82             57527.5

#        20         1       1.4         0   8.40336
0.997766            -239.673             57470.5

#        20         1       1.4         0    7.7821
0.99928            -239.868             57547.5

#        20         1       1.4         0   7.24638
0.999525            -239.904               57563

#        20         1       1.4         0   6.77966
0.999881            -239.965             57587.5

#        20         1       1.4         0   6.36943
0.999655            -239.932             57574.3

#        20         1       1.4         0   6.00601
0.99988            -239.966             57589.1

#        20         1       1.4         0   5.68182
0.0455106            -175.876             30935.9

#        20         1       1.4         0   5.39084
0.397869             -175.82             30915.6

#        20         1       1.4         0   5.12821
0.627077            -181.607             33324.7

#        20         1       1.4         0   4.88998
0.999752            -239.946             57579.2

#        20         1       1.4         0    4.6729
0.433012            -185.009             34756.8

#        20         1       1.4         0   4.47427
0.999122            -239.879             57552.9

#        20         1       1.4         0   4.29185
0.999961            -239.974             57590.4

#        20         1       1.4         0   4.12371
0.235407            -174.686             30519.7

#        20         1       1.4         0   3.96825
0.999818            -239.928             57571.5

#        20         1       1.4         0   3.82409
0.832198            -225.856               51749

#        20         1       1.4         0   3.69004
0.999812            -239.898             57556.4

#        20         1       1.4         0   3.56506
0.861045            -228.773             52964.1

#        20         1       1.4         0   3.44828
0.910163            -230.915             53854.9

#        20         1       1.4         0    3.3389
0.993827            -239.003             57182.1

#        20         1       1.4         0   3.23625
0.999373            -239.703             57465.5

#        20         1       1.4         0   3.13972
0.956917             -235.89             55902.8

#        20         1       1.4         0   3.04878
0.999526            -239.589             57407.8

#        20         1       1.4         0   2.96296
0.999229             -239.46             57349.1

#        20         1       1.4         0   2.88184
0.999004            -239.335             57291.4

#        20         1       1.4         0   2.80505
0.97386            -236.897             56294.8

#        20         1       1.4         0   2.73224
0.998825            -239.049             57154.1

#        20         1       1.4         0   2.66312
0.99884            -238.903             57082.5

#        20         1       1.4         0    2.5974
0.998685            -238.701             56985.3

#        20         1       1.4         0   2.53485
0.997826            -238.395             56848.6

#        20         1       1.4         0   2.47525
0.996135            -237.945             56646.9

#        20         1       1.4         0   2.41838
0.997905            -237.926             56618.2

#        20         1       1.4         0   2.36407
0.997496            -237.572             56452.2

#        20         1       1.4         0   2.31214
0.980683            -235.691             55683.2

#        20         1       1.4         0   2.26244
0.996732            -236.815             56096.5

#        20         1       1.4         0   2.21484
0.99642             -236.42             55908.7

#        20         1       1.4         0    2.1692
0.995961            -235.942             55683.3

#        20         1       1.4         0    2.1254
0.995128            -235.382             55425.7

#        20         1       1.4         0   2.08333
0.994543            -234.827             55166.1

#        20         1       1.4         0    2.0429
0.994083            -234.231             54887.4

#        20         1       1.4         0   2.00401
0.979204              -232.1             54015.9

#        20         1       1.4         0   1.96657
0.992797            -232.917             54276.9

#        20         1       1.4         0    1.9305
0.99202            -232.124             53907.8

#        20         1       1.4         0   1.89573
0.991108            -231.331             53544.2

#        20         1       1.4         0    1.8622
0.987102            -230.155             53032.9

#        20         1       1.4         0   1.82983
0.987552            -229.441             52695.1

#        20         1       1.4         0   1.79856
0.974283            -227.224             51790.3

#        20         1       1.4         0   1.76835
0.987407            -227.678               51877

#        20         1       1.4         0   1.73913
0.986031            -226.585             51388.3

#        20         1       1.4         0   1.71086
0.985107            -225.486             50890.3

#        20         1       1.4         0    1.6835
0.983869            -224.304             50361.3

#        20         1       1.4         0     1.657
0.98247            -223.041             49801.4

#        20         1       1.4         0   1.63132
0.980929            -221.721             49220.6

#        20         1       1.4         0   1.60643
0.979722            -220.413             48643.3

#        20         1       1.4         0   1.58228
0.978223            -219.016             48033.8

#        20         1       1.4         0   1.55885
0.97656            -217.519             47384.1

#        20         1       1.4         0    1.5361
0.973636            -215.797             46659.2

#        20         1       1.4         0     1.514
0.973042            -214.406             46050.2

#        20         1       1.4         0   1.49254
0.963725            -211.825             45030.9

#        20         1       1.4         0   1.47167
0.965216            -210.507             44445.1

#        20         1       1.4         0   1.45138
0.966777            -209.188             43862.2

#        20         1       1.4         0   1.43164
0.957772            -206.505               42823

#        20         1       1.4         0   1.41243
0.963013            -205.433             42310.3

#        20         1       1.4         0   1.39373
0.960507            -203.443             41506.3

#        20         1       1.4         0   1.37552
0.958447            -201.508             40726.5

#        20         1       1.4         0   1.35777
0.956049            -199.417             39894.8

#        20         1       1.4         0   1.34048
0.953427            -197.196             39021.1

#        20         1       1.4         0   1.32363
0.950513            -194.917             38138.5

#        20         1       1.4         0   1.30719
0.947612            -192.683             37280.5

#        20         1       1.4         0   1.29116
0.945283            -190.354             36390.2

#        20         1       1.4         0   1.27551
0.942439            -187.987             35500.7

#        20         1       1.4         0   1.26024
0.939482            -185.498             34581.7

#        20         1       1.4         0   1.24533
0.936384            -182.994             33666.1

#        20         1       1.4         0   1.23077
0.932968            -180.285             32693.7

#        20         1       1.4         0   1.21655
0.929829            -177.734             31785.6

#        20         1       1.4         0   1.20265
0.923405            -174.771             30780.4

#        20         1       1.4         0   1.18906
0.922025            -172.235             29892.5

#        20         1       1.4         0   1.17578
0.917657            -169.354             28923.8

#        20         1       1.4         0   1.16279
0.915517             -166.52             27963.1

#        20         1       1.4         0   1.15009
0.912018            -163.662             27025.8

#        20         1       1.4         0   1.13766
0.908305            -160.859             26127.9

#        20         1       1.4         0   1.12549
0.904156            -157.757             25150.7

#        20         1       1.4         0   1.11359
0.899656            -154.482             24138.3

#        20         1       1.4         0   1.10193
0.894883            -151.243               23166

#        20         1       1.4         0   1.09051
0.890711            -148.001             22207.2

#        20         1       1.4         0   1.07933
0.886582            -144.797             21273.9

#        20         1       1.4         0   1.06838
0.881868            -141.407             20314.2

#        20         1       1.4         0   1.05764
0.876569            -137.629             19274.7

#        20         1       1.4         0   1.04712
0.871685            -134.305             18384.9

#        20         1       1.4         0   1.03681
0.866139            -130.509             17394.4

#        20         1       1.4         0   1.02669
0.861654            -127.321             16582.1

#        20         1       1.4         0   1.01678
0.855807            -123.342             15600.7

#        20         1       1.4         0   1.00705
0.850218             -119.65             14714.3

#        20         1       1.4         0  0.997506
0.844308            -115.869             13841.8

#        20         1       1.4         0  0.988142
0.838116            -111.736             12917.1

#        20         1       1.4         0  0.978953
0.83151            -107.821             12081.5

#        20         1       1.4         0  0.969932
0.82565            -103.998             11283.5

#        20         1       1.4         0  0.961076
0.819397            -100.091             10497.3

#        20         1       1.4         0  0.952381
0.811216            -95.2901             9585.64

#        20         1       1.4         0  0.943841
0.804566            -91.2619             8852.18

#        20         1       1.4         0  0.935454
0.795957            -86.5732              8046.2

#        20         1       1.4         0  0.927214
0.787782            -81.8515              7276.6

#        20         1       1.4         0  0.919118
0.779761            -77.4895              6598.8

#        20         1       1.4         0  0.911162
0.771187             -72.796             5918.17

#        20         1       1.4         0  0.903342
0.760831            -67.5244             5205.75

#        20         1       1.4         0  0.895656
0.749459            -62.3659              4574.7

#        20         1       1.4         0  0.888099
0.74002            -57.4315             4013.87

#        20         1       1.4         0  0.880669
0.726396            -51.4671             3398.53

#        20         1       1.4         0  0.873362
0.71289            -45.9388             2911.43

#        20         1       1.4         0  0.866176
0.698421            -40.0614              2464.3

#        20         1       1.4         0  0.859107
0.679145            -33.4963             2027.53

#        20         1       1.4         0  0.852152
0.659793            -26.6869             1680.12

#        20         1       1.4         0  0.845309
0.641105            -20.1805             1423.71

#        20         1       1.4         0  0.838574
0.61758            -13.5302             1260.41

#        20         1       1.4         0  0.831947
0.598815              -7.067             1129.21

#        20         1       1.4         0  0.825423
0.555401             2.54684             1189.68

#        20         1       1.4         0  0.819001
0.541098             7.90594             1220.62

#        20         1       1.4         0  0.812678
0.512789             15.3394             1383.13

#        20         1       1.4         0  0.806452
0.468996             24.0315              1763.6

#        20         1       1.4         0   0.80032
0.441701             30.6556              2080.6

#        20         1       1.4         0  0.794281
0.408017             37.9936             2532.26

#        20         1       1.4         0  0.788333
0.379323              44.308             2980.38

#        20         1       1.4         0  0.782473
0.35642             49.3232             3435.39

#        20         1       1.4         0  0.776699
0.341111             54.1546             3874.05

#        20         1       1.4         0   0.77101
0.316621             59.1993             4390.38

#        20         1       1.4         0  0.765404
0.292307             65.0007             5035.03

#        20         1       1.4         0  0.759878
0.276359             68.4642             5473.05

#        20         1       1.4         0  0.754432
0.253701              73.674              6149.4

#        20         1       1.4         0  0.749064
0.244474             76.8446             6591.86

#        20         1       1.4         0  0.743771
0.231424             80.2838             7103.57

#        20         1       1.4         0  0.738552
0.217516             84.1261             7676.56

#        20         1       1.4         0  0.733407
0.207072             86.9009             8143.23

#        20         1       1.4         0  0.728332
0.198422             89.8887             8652.55

#        20         1       1.4         0  0.723327
0.186971             93.0005             9182.23

#        20         1       1.4         0  0.718391
0.183653             95.4324              9637.9

#        20         1       1.4         0  0.713521
0.176776             98.0506             10125.5

#        20         1       1.4         0  0.708717
0.171047             100.096             10515.6

#        20         1       1.4         0  0.703977
0.164961             102.528             10997.7

#        20         1       1.4         0  0.699301
0.160692              104.75             11453.2

#        20         1       1.4         0  0.694686
0.153118             107.187             11950.5

#        20         1       1.4         0  0.690131
0.149891             109.179             12376.1

#        20         1       1.4         0  0.685636
0.142826              111.24             12819.9

#        20         1       1.4         0  0.681199
0.142609             113.364             13291.4

#        20         1       1.4         0  0.676819
0.136944             115.077               13673

#        20         1       1.4         0  0.672495
0.136767             116.633             14030.4

#        20         1       1.4         0  0.668226
0.132239             118.834               14539

#        20         1       1.4         0  0.664011
0.128432             120.655             14969.7

#        20         1       1.4         0  0.659848
0.126253             122.093               15311

#        20         1       1.4         0  0.655738
0.121258             123.791             15724.8

#        20         1       1.4         0  0.651678
0.121209             125.511             16151.3

#        20         1       1.4         0  0.647668
0.115749             127.277             16591.8

#        20         1       1.4         0  0.643708
0.114804             128.713             16952.2

#        20         1       1.4         0  0.639795
0.11204             130.246             17345.4

#        20         1       1.4         0   0.63593
0.110914             131.482               17667

#        20         1       1.4         0  0.632111
0.109338             133.074             18084.4

#        20         1       1.4         0  0.628338
0.109576             134.247             18399.5

#        20         1       1.4         0   0.62461
0.106766             135.929             18848.2

#        20         1       1.4         0  0.620925
0.104928             137.117             19172.6

#        20         1       1.4         0  0.617284
0.10352             138.415             19525.2

#        20         1       1.4         0  0.613685
0.10266             139.787             19903.4

#        20         1       1.4         0  0.610128
0.101163             140.898             20214.8

#        20         1       1.4         0  0.606612
0.0978845             142.577             20683.6

#        20         1       1.4         0  0.603136
0.0974929             143.682             21001.8

#        20         1       1.4         0    0.5997
0.0969415             144.847             21336.2

#        20         1       1.4         0  0.596303
0.0952768             146.109             21702.6

#        20         1       1.4         0  0.592944
0.0943296             147.176             22012.1

#        20         1       1.4         0  0.589623
0.0925485             148.453             22387.7

#        20         1       1.4         0  0.586338
0.0906336             149.574             22720.2

#        20         1       1.4         0   0.58309
0.0910968             150.554             23013.8

#        20         1       1.4         0  0.579878
0.0894914             151.814             23390.2

#        20         1       1.4         0  0.576701
0.0884176             153.026             23759.5

#        20         1       1.4         0  0.573559
0.0883816              153.82             24002.7

#        20         1       1.4         0  0.570451
0.0867516             155.085             24391.3

#        20         1       1.4         0  0.567376
0.0856334             155.971             24667.5

#        20         1       1.4         0  0.564334
0.085094             157.047             25001.7

#        20         1       1.4         0  0.561325
0.0850251             158.134             25342.2

#        20         1       1.4         0  0.558347
0.0843473              159.03             25629.2

#        20         1       1.4         0  0.555401
0.0831761              160.09             25964.6

#        20         1       1.4         0  0.552486
0.0824796             161.041             26269.4

#        20         1       1.4         0  0.549602
0.0817713             162.083             26605.9

#        20         1       1.4         0  0.546747
0.0804371             162.982             26896.8

#        20         1       1.4         0  0.543922
0.0801641             163.924             27202.8

#        20         1       1.4         0  0.541126
0.0787749             164.862             27511.4

#        20         1       1.4         0  0.538358
0.0787946             165.757             27808.5

#        20         1       1.4         0  0.535619
0.0779576             166.684             28113.6

#        20         1       1.4         0  0.532907
0.0774622             167.567             28409.7

#        20         1       1.4         0  0.530223
0.0769142             168.456             28709.8

#        20         1       1.4         0  0.527565
0.0761876             169.316             28997.1

#        20         1       1.4         0  0.524934
0.0754582             170.241             29310.1

#        20         1       1.4         0   0.52233
0.0756437             170.973             29561.2

#        20         1       1.4         0  0.519751
0.0745448             171.931             29886.7

#        20         1       1.4         0  0.517197
0.0741694             172.734             30166.6

#        20         1       1.4         0  0.514668
0.07329             173.695             30494.4

#        20         1       1.4         0  0.512164
0.073677             174.437             30754.9

#        20         1       1.4         0  0.509684
0.0731586             175.111             30988.7

#        20         1       1.4         0  0.507228
0.0728631             175.975             31294.3

#        20         1       1.4         0  0.504796
0.0720428             176.752             31565.5

#        20         1       1.4         0  0.502386
0.0722001             177.618             31874.6

#        20         1       1.4         0       0.5
0.0713933             178.388             32148.6

