#    N    J    D    H   B
#     <|m|>       <E>    <E^2>

#        20         1      0.98         0        10
0.999908            -407.974              166448

#        20         1      0.98         0   9.13242
0.999891            -407.973              166447

#        20         1      0.98         0   8.40336
0.999801            -407.956              166435

#        20         1      0.98         0    7.7821
0.15564            -327.755              107426

#        20         1      0.98         0   7.24638
0.999941             -407.98              166452

#        20         1      0.98         0   6.77966
0.970631             -404.07              163578

#        20         1      0.98         0   6.36943
0.801908            -386.646              150772

#        20         1      0.98         0   6.00601
0.999922            -407.975              166449

#        20         1      0.98         0   5.68182
0.788226            -385.421              149884

#        20         1      0.98         0   5.39084
0.999762            -407.958              166436

#        20         1      0.98         0   5.12821
0.99997            -407.985              166456

#        20         1      0.98         0   4.88998
0.99995            -407.981              166453

#        20         1      0.98         0    4.6729
0.99992            -407.977              166450

#        20         1      0.98         0   4.47427
0.999923            -407.975              166449

#        20         1      0.98         0   4.29185
0.894351            -396.257              157870

#        20         1      0.98         0   4.12371
0.999933            -407.974              166448

#        20         1      0.98         0   3.96825
0.999914            -407.967              166442

#        20         1      0.98         0   3.82409
0.976603            -405.076              164329

#        20         1      0.98         0   3.69004
0.989515            -406.747              165551

#        20         1      0.98         0   3.56506
0.999946            -407.959              166435

#        20         1      0.98         0   3.44828
0.999911            -407.943              166422

#        20         1      0.98         0    3.3389
0.999863            -407.922              166405

#        20         1      0.98         0   3.23625
0.997069            -407.442              166076

#        20         1      0.98         0   3.13972
0.980578            -405.508              164643

#        20         1      0.98         0   3.04878
0.999834            -407.857              166353

#        20         1      0.98         0   2.96296
0.993334            -406.958              165697

#        20         1      0.98         0   2.88184
0.997622            -407.436              166040

#        20         1      0.98         0   2.80505
0.999586            -407.699              166226

#        20         1      0.98         0   2.73224
0.999597             -407.65              166186

#        20         1      0.98         0   2.66312
0.999499            -407.564              166116

#        20         1      0.98         0    2.5974
0.999509             -407.49              166055

#        20         1      0.98         0   2.53485
0.999423              -407.4              165982

#        20         1      0.98         0   2.47525
0.999358            -407.285              165888

#        20         1      0.98         0   2.41838
0.999199            -407.135              165767

#        20         1      0.98         0   2.36407
0.999162            -407.007              165661

#        20         1      0.98         0   2.31214
0.998893            -406.807              165502

#        20         1      0.98         0   2.26244
0.99873            -406.626              165355

#        20         1      0.98         0   2.21484
0.998515            -406.404              165177

#        20         1      0.98         0    2.1692
0.99275            -405.496              164502

#        20         1      0.98         0    2.1254
0.998122            -405.924              164787

#        20         1      0.98         0   2.08333
0.997863            -405.627              164548

#        20         1      0.98         0    2.0429
0.992793            -404.681              163840

#        20         1      0.98         0   2.00401
0.988095            -403.972              163304

#        20         1      0.98         0   1.96657
0.995155            -404.335              163531

#        20         1      0.98         0    1.9305
0.996729            -404.213              163406

#        20         1      0.98         0   1.89573
0.996409            -403.787              163062

#        20         1      0.98         0    1.8622
0.99515            -403.187              162594

#        20         1      0.98         0   1.82983
0.986762            -401.742              161521

#        20         1      0.98         0   1.79856
0.988322             -401.44              161258

#        20         1      0.98         0   1.76835
0.994187            -401.674              161376

#        20         1      0.98         0   1.73913
0.993995            -401.097              160909

#        20         1      0.98         0   1.71086
0.993562            -400.465              160401

#        20         1      0.98         0    1.6835
0.964663            -396.468              157527

#        20         1      0.98         0     1.657
0.991116            -398.903              159177

#        20         1      0.98         0   1.63132
0.991133            -398.245              158646

#        20         1      0.98         0   1.60643
0.990946            -397.512              158057

#        20         1      0.98         0   1.58228
0.99015            -396.678              157398

#        20         1      0.98         0   1.55885
0.989366             -395.75              156666

#        20         1      0.98         0    1.5361
0.988734            -394.911              156002

#        20         1      0.98         0     1.514
0.987581            -393.866              155187

#        20         1      0.98         0   1.49254
0.985239            -392.645              154247

#        20         1      0.98         0   1.47167
0.985925            -391.797              153566

#        20         1      0.98         0   1.45138
0.966329             -388.53              151241

#        20         1      0.98         0   1.43164
0.984087             -389.66              151902

#        20         1      0.98         0   1.41243
0.982544            -388.384              150923

#        20         1      0.98         0   1.39373
0.974654             -386.39              149457

#        20         1      0.98         0   1.37552
0.980831            -385.958              149042

#        20         1      0.98         0   1.35777
0.979498            -384.566              147977

#        20         1      0.98         0   1.34048
0.978253            -383.176              146912

#        20         1      0.98         0   1.32363
0.976532            -381.739              145826

#        20         1      0.98         0   1.30719
0.968997            -379.477              144190

#        20         1      0.98         0   1.29116
0.974148            -378.796              143595

#        20         1      0.98         0   1.27551
0.972895            -377.308              142472

#        20         1      0.98         0   1.26024
0.963913            -374.665              140589

#        20         1      0.98         0   1.24533
0.97004            -374.044              140029

#        20         1      0.98         0   1.23077
0.968502            -372.368              138784

#        20         1      0.98         0   1.21655
0.966709            -370.518              137419

#        20         1      0.98         0   1.20265
0.962994            -368.494              135956

#        20         1      0.98         0   1.18906
0.963435            -366.931              134783

#        20         1      0.98         0   1.17578
0.956505            -364.217              132879

#        20         1      0.98         0   1.16279
0.959814            -363.068              131979

#        20         1      0.98         0   1.15009
0.957792            -360.978              130473

#        20         1      0.98         0   1.13766
0.955906            -359.003              129060

#        20         1      0.98         0   1.12549
0.947598            -356.003              127015

#        20         1      0.98         0   1.11359
0.951889            -354.766              126049

#        20         1      0.98         0   1.10193
0.949552            -352.433              124410

#        20         1      0.98         0   1.09051
0.947671            -350.378              122973

#        20         1      0.98         0   1.07933
0.945378            -348.079              121376

#        20         1      0.98         0   1.06838
0.942124            -345.568              119660

#        20         1      0.98         0   1.05764
0.94063             -343.25              118059

#        20         1      0.98         0   1.04712
0.937177            -340.652              116308

#        20         1      0.98         0   1.03681
0.935187            -338.172              114624

#        20         1      0.98         0   1.02669
0.933155            -335.631              112912

#        20         1      0.98         0   1.01678
0.93048            -333.068              111210

#        20         1      0.98         0   1.00705
0.928108            -330.604              109583

#        20         1      0.98         0  0.997506
0.925144            -327.772              107733

#        20         1      0.98         0  0.988142
0.921565            -324.987              105939

#        20         1      0.98         0  0.978953
0.919231            -322.187              104131

#        20         1      0.98         0  0.969932
0.916462            -319.196              102217

#        20         1      0.98         0  0.961076
0.913604            -316.477              100502

#        20         1      0.98         0  0.952381
0.910492            -313.453             98606.2

#        20         1      0.98         0  0.943841
0.90714            -310.358             96693.6

#        20         1      0.98         0  0.935454
0.903551            -307.029               94653

#        20         1      0.98         0  0.927214
0.900385            -304.108             92880.8

#        20         1      0.98         0  0.919118
0.896819            -300.778             90880.7

#        20         1      0.98         0  0.911162
0.893056            -297.468             88922.7

#        20         1      0.98         0  0.903342
0.888765            -294.098             86950.5

#        20         1      0.98         0  0.895656
0.885073            -290.585             84909.4

#        20         1      0.98         0  0.888099
0.881563            -287.146             82939.6

#        20         1      0.98         0  0.880669
0.877242            -283.411               80822

#        20         1      0.98         0  0.873362
0.873538            -279.993               78913

#        20         1      0.98         0  0.866176
0.869193            -276.193               76814

#        20         1      0.98         0  0.859107
0.864736            -272.544             74839.2

#        20         1      0.98         0  0.852152
0.859972            -268.521             72681.1

#        20         1      0.98         0  0.845309
0.855317            -264.626             70622.5

#        20         1      0.98         0  0.838574
0.849984            -260.342             68405.8

#        20         1      0.98         0  0.831947
0.84465            -256.186             66274.7

#        20         1      0.98         0  0.825423
0.839376            -251.957               64158

#        20         1      0.98         0  0.819001
0.833772            -247.643             62018.4

#        20         1      0.98         0  0.812678
0.827783            -243.084             59821.2

#        20         1      0.98         0  0.806452
0.821553            -238.718             57747.3

#        20         1      0.98         0   0.80032
0.814942            -233.776             55442.1

#        20         1      0.98         0  0.794281
0.808908             -229.18             53341.7

#        20         1      0.98         0  0.788333
0.801192            -224.035             51047.9

#        20         1      0.98         0  0.782473
0.793962            -219.192             48941.9

#        20         1      0.98         0  0.776699
0.785313            -213.625             46576.6

#        20         1      0.98         0   0.77101
0.776688            -208.339             44397.4

#        20         1      0.98         0  0.765404
0.767509            -202.889             42201.5

#        20         1      0.98         0  0.759878
0.757419            -196.873             39848.8

#        20         1      0.98         0  0.754432
0.746127            -190.769             37526.6

#        20         1      0.98         0  0.749064
0.732234            -184.076             35100.6

#        20         1      0.98         0  0.743771
0.716326            -176.967               32638

#        20         1      0.98         0  0.738552
0.706302            -170.975             30574.8

#        20         1      0.98         0  0.733407
0.68324            -162.752             27992.1

#        20         1      0.98         0  0.728332
0.672791            -156.724             26077.2

#        20         1      0.98         0  0.723327
0.65253            -149.241             23852.7

#        20         1      0.98         0  0.718391
0.623873            -139.657             21215.3

#        20         1      0.98         0  0.713521
0.601507            -131.997             19186.9

#        20         1      0.98         0  0.708717
0.572205            -122.994             16942.7

#        20         1      0.98         0  0.703977
0.549891            -115.146             15061.5

#        20         1      0.98         0  0.699301
0.522927            -107.066             13283.6

#        20         1      0.98         0  0.694686
0.494818            -98.4331             11497.5

#        20         1      0.98         0  0.690131
0.458495            -89.7126             9822.53

#        20         1      0.98         0  0.685636
0.426684             -80.662             8219.78

#        20         1      0.98         0  0.681199
0.404262            -74.7503             7256.98

#        20         1      0.98         0  0.676819
0.374096            -66.5901             6002.62

#        20         1      0.98         0  0.672495
0.347551            -59.2596             4998.92

#        20         1      0.98         0  0.668226
0.33091            -54.1496             4341.12

#        20         1      0.98         0  0.664011
0.311889            -48.6666             3687.42

#        20         1      0.98         0  0.659848
0.28514            -42.2279             3021.73

#        20         1      0.98         0  0.655738
0.270724            -37.9141             2623.91

#        20         1      0.98         0  0.651678
0.253432             -33.001             2198.98

#        20         1      0.98         0  0.647668
0.247938            -28.7011             1901.58

#        20         1      0.98         0  0.643708
0.234889            -24.9461             1632.71

#        20         1      0.98         0  0.639795
0.22605            -21.1161             1431.62

#        20         1      0.98         0   0.63593
0.209885            -16.9976             1216.19

#        20         1      0.98         0  0.632111
0.204616            -13.5967             1077.46

#        20         1      0.98         0  0.628338
0.195064            -10.4202             977.084

#        20         1      0.98         0   0.62461
0.188838            -7.30107             894.934

#        20         1      0.98         0  0.620925
0.184443            -4.38121             846.941

#        20         1      0.98         0  0.617284
0.177453            -1.55436             791.987

#        20         1      0.98         0  0.613685
0.172535             1.13581             779.908

#        20         1      0.98         0  0.610128
0.164476             4.60159             771.225

#        20         1      0.98         0  0.606612
0.160762             7.04788             781.121

#        20         1      0.98         0  0.603136
0.155092             9.25776             803.134

#        20         1      0.98         0    0.5997
0.153038             11.8039              847.17

#        20         1      0.98         0  0.596303
0.145553             14.3299             894.782

#        20         1      0.98         0  0.592944
0.144878             16.6555             950.074

#        20         1      0.98         0  0.589623
0.142014             18.6223             1020.32

#        20         1      0.98         0  0.586338
0.138011             20.7626             1085.21

#        20         1      0.98         0   0.58309
0.135833             22.7854             1165.26

#        20         1      0.98         0  0.579878
0.132594             25.2088             1269.08

#        20         1      0.98         0  0.576701
0.129534             26.9858             1357.72

#        20         1      0.98         0  0.573559
0.12554             29.2269             1464.35

#        20         1      0.98         0  0.570451
0.123406             30.9118             1562.78

#        20         1      0.98         0  0.567376
0.121691             33.0165              1685.2

#        20         1      0.98         0  0.564334
0.120531             34.6003             1782.34

#        20         1      0.98         0  0.561325
0.11625             36.4043             1909.29

#        20         1      0.98         0  0.558347
0.116382             38.0309             2017.63

#        20         1      0.98         0  0.555401
0.113083             39.5855                2139

#        20         1      0.98         0  0.552486
0.111388             41.5983             2287.19

#        20         1      0.98         0  0.549602
0.109863             42.9291             2398.08

#        20         1      0.98         0  0.546747
0.10892             44.7316             2548.67

#        20         1      0.98         0  0.543922
0.106882             46.1165             2668.96

#        20         1      0.98         0  0.541126
0.105158             47.6456             2808.04

#        20         1      0.98         0  0.538358
0.103336             49.1467             2942.29

#        20         1      0.98         0  0.535619
0.10245             50.5296             3083.47

#        20         1      0.98         0  0.532907
0.101074             52.0914             3233.24

#        20         1      0.98         0  0.530223
0.0996038              53.308             3356.19

#        20         1      0.98         0  0.527565
0.0976427             54.8759             3516.01

#        20         1      0.98         0  0.524934
0.0976167             55.9266             3636.23

#        20         1      0.98         0   0.52233
0.0960362             57.2684             3782.34

#        20         1      0.98         0  0.519751
0.0944224             58.8152             3959.39

#        20         1      0.98         0  0.517197
0.0937829             60.1094             4110.24

#        20         1      0.98         0  0.514668
0.0939842              61.184             4239.65

#        20         1      0.98         0  0.512164
0.092706             62.3264             4371.64

#        20         1      0.98         0  0.509684
0.0905427             63.5631             4527.53

#        20         1      0.98         0  0.507228
0.0898621             64.8568             4685.04

#        20         1      0.98         0  0.504796
0.0898248             65.8716             4818.01

#        20         1      0.98         0  0.502386
0.0881144             67.1669             4984.93

#        20         1      0.98         0       0.5
0.0879484              68.407             5151.37

