#    N    J    D    H   B
#     <|m|>       <E>    <E^2>

#        20         1      1.41         0        10
0.195336            -172.149             29639.7

#        20         1      1.41         0   9.13242
0.201735            -172.174             29649.5

#        20         1      1.41         0   8.40336
0.00110491            -172.266             29679.9

#        20         1      1.41         0    7.7821
0.300349            -172.308             29692.7

#        20         1      1.41         0   7.24638
0.999947            -235.979               55690

#        20         1      1.41         0   6.77966
0.999696            -235.934             55672.1

#        20         1      1.41         0   6.36943
0.999587            -235.922             55665.5

#        20         1      1.41         0   6.00601
0.273999            -172.257             29675.9

#        20         1      1.41         0   5.68182
0.999835             -235.96             55681.8

#        20         1      1.41         0   5.39084
0.228605            -172.237             29668.7

#        20         1      1.41         0   5.12821
0.826285             -210.82               45424

#        20         1      1.41         0   4.88998
0.328908            -172.059             29607.7

#        20         1      1.41         0    4.6729
0.385167            -171.923             29560.8

#        20         1      1.41         0   4.47427
0.2498            -171.641             29463.9

#        20         1      1.41         0   4.29185
0.158523            -171.429             29391.5

#        20         1      1.41         0   4.12371
0.212851            -171.058             29266.1

#        20         1      1.41         0   3.96825
0.999744             -235.92             55662.9

#        20         1      1.41         0   3.82409
0.424727            -181.876             33714.8

#        20         1      1.41         0   3.69004
0.999405            -235.849             55633.6

#        20         1      1.41         0   3.56506
0.938417            -230.798             53587.4

#        20         1      1.41         0   3.44828
0.999536            -235.802             55609.3

#        20         1      1.41         0    3.3389
0.926466            -229.085             52898.6

#        20         1      1.41         0   3.23625
0.99958            -235.714             55568.3

#        20         1      1.41         0   3.13972
0.918863            -227.671               52336

#        20         1      1.41         0   3.04878
0.999484            -235.572             55500.3

#        20         1      1.41         0   2.96296
0.999116            -235.439             55441.6

#        20         1      1.41         0   2.88184
0.999282            -235.353               55397

#        20         1      1.41         0   2.80505
0.998835            -235.185               55322

#        20         1      1.41         0   2.73224
0.998822            -235.035               55251

#        20         1      1.41         0   2.66312
0.99335            -234.363             54971.9

#        20         1      1.41         0    2.5974
0.99832            -234.627             55062.1

#        20         1      1.41         0   2.53485
0.99824             -234.41             54958.7

#        20         1      1.41         0   2.47525
0.998088            -234.156             54839.2

#        20         1      1.41         0   2.41838
0.997828            -233.864             54704.9

#        20         1      1.41         0   2.36407
0.970284            -230.984             53556.9

#        20         1      1.41         0   2.31214
0.997025            -233.179             54386.3

#        20         1      1.41         0   2.26244
0.996757             -232.79             54205.1

#        20         1      1.41         0   2.21484
0.996277            -232.328             53991.8

#        20         1      1.41         0    2.1692
0.995655            -231.839             53767.6

#        20         1      1.41         0    2.1254
0.995288            -231.331             53531.1

#        20         1      1.41         0   2.08333
0.989441            -230.123             53029.3

#        20         1      1.41         0    2.0429
0.994137            -230.193             53008.9

#        20         1      1.41         0   2.00401
0.993465            -229.489             52686.9

#        20         1      1.41         0   1.96657
0.992629            -228.735             52345.3

#        20         1      1.41         0    1.9305
0.991573            -227.984             52007.8

#        20         1      1.41         0   1.89573
0.990948            -227.187             51644.4

#        20         1      1.41         0    1.8622
0.989313            -226.237             51224.8

#        20         1      1.41         0   1.82983
0.988836            -225.413             50850.7

#        20         1      1.41         0   1.79856
0.987979            -224.424             50405.7

#        20         1      1.41         0   1.76835
0.986853            -223.429             49965.2

#        20         1      1.41         0   1.73913
0.985738            -222.374             49497.9

#        20         1      1.41         0   1.71086
0.979859            -220.712               48806

#        20         1      1.41         0    1.6835
0.983559            -220.051             48471.9

#        20         1      1.41         0     1.657
0.979144            -218.342               47762

#        20         1      1.41         0   1.63132
0.980667            -217.454             47345.6

#        20         1      1.41         0   1.60643
0.979284            -216.109             46764.4

#        20         1      1.41         0   1.58228
0.977435            -214.606             46124.4

#        20         1      1.41         0   1.55885
0.975771            -213.177             45518.6

#        20         1      1.41         0    1.5361
0.974185            -211.571             44840.3

#        20         1      1.41         0     1.514
0.972447            -209.943             44156.4

#        20         1      1.41         0   1.49254
0.970707            -208.325               43484

#        20         1      1.41         0   1.47167
0.968715            -206.644             42793.7

#        20         1      1.41         0   1.45138
0.963313            -204.352             41888.1

#        20         1      1.41         0   1.43164
0.964511            -202.881               41263

#        20         1      1.41         0   1.41243
0.962316            -200.955             40491.6

#        20         1      1.41         0   1.39373
0.959694            -198.951             39703.3

#        20         1      1.41         0   1.37552
0.957512            -196.863             38876.3

#        20         1      1.41         0   1.35777
0.954863            -194.695             38036.7

#        20         1      1.41         0   1.34048
0.952413            -192.592             37228.1

#        20         1      1.41         0   1.32363
0.949759            -190.355             36377.1

#        20         1      1.41         0   1.30719
0.947018            -188.017             35500.8

#        20         1      1.41         0   1.29116
0.944249            -185.751             34661.7

#        20         1      1.41         0   1.27551
0.941216            -183.241             33743.5

#        20         1      1.41         0   1.26024
0.938181            -180.715             32829.8

#        20         1      1.41         0   1.24533
0.935199            -178.258             31955.2

#        20         1      1.41         0   1.23077
0.93178             -175.63             31039.1

#        20         1      1.41         0   1.21655
0.928149            -172.938             30109.2

#        20         1      1.41         0   1.20265
0.924973            -170.237             29190.2

#        20         1      1.41         0   1.18906
0.921638            -167.529             28281.4

#        20         1      1.41         0   1.17578
0.917695            -164.582               27312

#        20         1      1.41         0   1.16279
0.914078            -161.671             26369.6

#        20         1      1.41         0   1.15009
0.910024             -158.62             25406.8

#        20         1      1.41         0   1.13766
0.905886            -155.483             24429.6

#        20         1      1.41         0   1.12549
0.902099            -152.638             23565.2

#        20         1      1.41         0   1.11359
0.897673            -149.405             22599.1

#        20         1      1.41         0   1.10193
0.89279            -145.936             21585.6

#        20         1      1.41         0   1.09051
0.887451            -142.767             20693.6

#        20         1      1.41         0   1.07933
0.884367            -139.709             19829.4

#        20         1      1.41         0   1.06838
0.879092             -136.09               18841

#        20         1      1.41         0   1.05764
0.874372            -132.683             17940.3

#        20         1      1.41         0   1.04712
0.868889            -129.066             17012.4

#        20         1      1.41         0   1.03681
0.8639            -125.572             16128.8

#        20         1      1.41         0   1.02669
0.858114            -121.626             15165.9

#        20         1      1.41         0   1.01678
0.852341            -117.779             14259.8

#        20         1      1.41         0   1.00705
0.846841            -114.204             13446.6

#        20         1      1.41         0  0.997506
0.840589            -110.355             12606.3

#        20         1      1.41         0  0.988142
0.834689            -106.493               11783

#        20         1      1.41         0  0.978953
0.828201            -102.421             10937.6

#        20         1      1.41         0  0.969932
0.821597            -98.2736             10132.3

#        20         1      1.41         0  0.961076
0.814397            -94.0508             9338.43

#        20         1      1.41         0  0.952381
0.807438            -89.8405             8575.89

#        20         1      1.41         0  0.943841
0.799123            -85.3698             7826.76

#        20         1      1.41         0  0.935454
0.791359            -80.9444             7109.26

#        20         1      1.41         0  0.927214
0.782647            -76.0613             6358.32

#        20         1      1.41         0  0.919118
0.773051            -71.1955             5678.79

#        20         1      1.41         0  0.911162
0.763763            -66.2226              5020.7

#        20         1      1.41         0  0.903342
0.753161            -61.2574             4416.94

#        20         1      1.41         0  0.895656
0.742223            -55.9195             3836.86

#        20         1      1.41         0  0.888099
0.731101            -50.8329                3318

#        20         1      1.41         0  0.880669
0.71814            -45.3987             2837.01

#        20         1      1.41         0  0.873362
0.702854            -39.1542             2365.47

#        20         1      1.41         0  0.866176
0.689831            -33.8249             1996.92

#        20         1      1.41         0  0.859107
0.665171            -26.2649             1632.12

#        20         1      1.41         0  0.852152
0.650332            -20.7015             1423.45

#        20         1      1.41         0  0.845309
0.629444            -14.0857             1231.24

#        20         1      1.41         0  0.838574
0.59911            -5.40111             1107.25

#        20         1      1.41         0  0.831947
0.571649             1.46156             1152.82

#        20         1      1.41         0  0.825423
0.544627             8.86215             1247.05

#        20         1      1.41         0  0.819001
0.518318             15.8162             1432.43

#        20         1      1.41         0  0.812678
0.480391             23.6845             1742.47

#        20         1      1.41         0  0.806452
0.453325             30.6013             2076.54

#        20         1      1.41         0   0.80032
0.418867             38.0019             2532.02

#        20         1      1.41         0  0.794281
0.395632             43.5302             2943.78

#        20         1      1.41         0  0.788333
0.363221             50.2301             3498.52

#        20         1      1.41         0  0.782473
0.340045             55.7035             4040.35

#        20         1      1.41         0  0.776699
0.306006             62.1311             4710.96

#        20         1      1.41         0   0.77101
0.296735             65.7533                5137

#        20         1      1.41         0  0.765404
0.275979             70.1953             5711.01

#        20         1      1.41         0  0.759878
0.263307             74.1353             6221.18

#        20         1      1.41         0  0.754432
0.246022              78.012             6768.95

#        20         1      1.41         0  0.749064
0.237594              81.133             7241.47

#        20         1      1.41         0  0.743771
0.224618             84.6844             7796.69

#        20         1      1.41         0  0.738552
0.211367             88.0466             8344.52

#        20         1      1.41         0  0.733407
0.201144             91.0607             8859.08

#        20         1      1.41         0  0.728332
0.191637             93.9461             9372.71

#        20         1      1.41         0  0.723327
0.185542             96.4497             9827.28

#        20         1      1.41         0  0.718391
0.177184             99.0908             10332.5

#        20         1      1.41         0  0.713521
0.172584             101.477             10800.1

#        20         1      1.41         0  0.708717
0.164186             103.997             11295.4

#        20         1      1.41         0  0.703977
0.160938             106.114             11731.5

#        20         1      1.41         0  0.699301
0.153891             108.501             12231.7

#        20         1      1.41         0  0.694686
0.14982             110.721               12708

#        20         1      1.41         0  0.690131
0.148346             112.317             13064.7

#        20         1      1.41         0  0.685636
0.14107             114.719             13591.6

#        20         1      1.41         0  0.681199
0.138088             116.502             14001.1

#        20         1      1.41         0  0.676819
0.132863              118.48             14452.9

#        20         1      1.41         0  0.672495
0.13061             120.136             14847.8

#        20         1      1.41         0  0.668226
0.130178             121.752             15231.8

#        20         1      1.41         0  0.664011
0.126132             123.481             15648.3

#        20         1      1.41         0  0.659848
0.125117             125.084             16041.8

#        20         1      1.41         0  0.655738
0.120251             126.976             16514.7

#        20         1      1.41         0  0.651678
0.118088             128.397             16873.4

#        20         1      1.41         0  0.647668
0.115684             129.953             17273.2

#        20         1      1.41         0  0.643708
0.114572             131.466             17662.4

#        20         1      1.41         0  0.639795
0.111676             132.845             18025.5

#        20         1      1.41         0   0.63593
0.11121             134.179               18377

#        20         1      1.41         0  0.632111
0.108395             135.728             18797.4

#        20         1      1.41         0  0.628338
0.107414             137.032             19147.4

#        20         1      1.41         0   0.62461
0.104679             138.709             19605.3

#        20         1      1.41         0  0.620925
0.103569             139.809             19910.9

#        20         1      1.41         0  0.617284
0.101922             141.199             20296.5

#        20         1      1.41         0  0.613685
0.100185             142.452             20650.2

#        20         1      1.41         0  0.610128
0.099193             143.748             21017.6

#        20         1      1.41         0  0.606612
0.0978311             145.067             21400.2

#        20         1      1.41         0  0.603136
0.0967765             146.267             21744.7

#        20         1      1.41         0    0.5997
0.0954463             147.268             22040.7

#        20         1      1.41         0  0.596303
0.0940413             148.721             22465.3

#        20         1      1.41         0  0.592944
0.0934835             149.751             22772.5

#        20         1      1.41         0  0.589623
0.0917786              150.95             23130.3

#        20         1      1.41         0  0.586338
0.0908085             152.112             23482.5

#        20         1      1.41         0   0.58309
0.0909584             153.118               23788

#        20         1      1.41         0  0.579878
0.0889787             154.425               24188

#        20         1      1.41         0  0.576701
0.0883871             155.477             24512.5

#        20         1      1.41         0  0.573559
0.0867026             156.406             24799.5

#        20         1      1.41         0  0.570451
0.0868268             157.522             25149.3

#        20         1      1.41         0  0.567376
0.0850173             158.579             25484.8

#        20         1      1.41         0  0.564334
0.0845574             159.539             25787.9

#        20         1      1.41         0  0.561325
0.0832786              160.61             26128.4

#        20         1      1.41         0  0.558347
0.0832958             161.471             26403.6

#        20         1      1.41         0  0.555401
0.0820331             162.579             26764.2

#        20         1      1.41         0  0.552486
0.0820218             163.345             27013.4

#        20         1      1.41         0  0.549602
0.0810216             164.433             27367.4

#        20         1      1.41         0  0.546747
0.0804106              165.44             27697.5

#        20         1      1.41         0  0.543922
0.079645             166.367             28006.4

#        20         1      1.41         0  0.541126
0.0789657             167.198             28283.9

#        20         1      1.41         0  0.538358
0.0782507             168.121             28591.1

#        20         1      1.41         0  0.535619
0.0772103             169.094             28921.4

#        20         1      1.41         0  0.532907
0.0767849             169.979               29218

#        20         1      1.41         0  0.530223
0.0767953             170.914             29537.6

#        20         1      1.41         0  0.527565
0.0761136             171.721             29815.3

#        20         1      1.41         0  0.524934
0.0755707             172.526             30091.9

#        20         1      1.41         0   0.52233
0.0747828             173.359             30378.1

#        20         1      1.41         0  0.519751
0.0743032             174.221             30679.1

#        20         1      1.41         0  0.517197
0.0735443              175.15               31002

#        20         1      1.41         0  0.514668
0.0739975              175.84             31245.3

#        20         1      1.41         0  0.512164
0.0730974             176.645             31526.8

#        20         1      1.41         0  0.509684
0.0720741             177.593             31862.8

#        20         1      1.41         0  0.507228
0.072461             178.311             32118.3

#        20         1      1.41         0  0.504796
0.07179             179.099               32401

#        20         1      1.41         0  0.502386
0.071035             179.965             32710.3

#        20         1      1.41         0       0.5
0.0707857             180.659             32960.7

