#    N    J    D    H   B
#     <|m|>       <E>    <E^2>

#        20         1         1         0        10
0.999811            -399.964              159977

#        20         1         1         0   9.13242
0.162731            -319.902              102340

#        20         1         1         0   8.40336
0.999874            -399.971              159982

#        20         1         1         0    7.7821
0.999804            -399.959              159974

#        20         1         1         0   7.24638
0.701332            -367.113              136342

#        20         1         1         0   6.77966
0.893036            -389.529              152472

#        20         1         1         0   6.36943
0.752694              -375.4              142315

#        20         1         1         0   6.00601
0.990969            -398.536              158951

#        20         1         1         0   5.68182
0.999752            -399.951              159969

#        20         1         1         0   5.39084
0.99986            -399.963              159978

#        20         1         1         0   5.12821
0.99984            -399.963              159977

#        20         1         1         0   4.88998
0.855122            -385.674              149728

#        20         1         1         0    4.6729
0.999907            -399.972              159983

#        20         1         1         0   4.47427
0.99983            -399.961              159975

#        20         1         1         0   4.29185
0.990265            -398.761              159115

#        20         1         1         0   4.12371
0.999849            -399.963              159976

#        20         1         1         0   3.96825
0.999895            -399.962              159975

#        20         1         1         0   3.82409
0.999824            -399.951              159967

#        20         1         1         0   3.69004
0.999753            -399.936              159956

#        20         1         1         0   3.56506
0.999753            -399.929              159950

#        20         1         1         0   3.44828
0.99964            -399.904              159932

#        20         1         1         0    3.3389
0.999845            -399.917              159940

#        20         1         1         0   3.23625
0.999766            -399.889              159918

#        20         1         1         0   3.13972
0.999737            -399.863              159897

#        20         1         1         0   3.04878
0.999431            -399.774              159835

#        20         1         1         0   2.96296
0.993058            -398.995              159275

#        20         1         1         0   2.88184
0.999563            -399.736              159798

#        20         1         1         0   2.80505
0.999729            -399.715              159778

#        20         1         1         0   2.73224
0.999573            -399.627              159709

#        20         1         1         0   2.66312
0.999589            -399.567              159660

#        20         1         1         0    2.5974
0.999343            -399.442              159563

#        20         1         1         0   2.53485
0.999333            -399.362              159498

#        20         1         1         0   2.47525
0.999244            -399.227              159392

#        20         1         1         0   2.41838
0.977648              -396.7              157592

#        20         1         1         0   2.36407
0.999043            -398.938              159160

#        20         1         1         0   2.31214
0.998869            -398.772              159029

#        20         1         1         0   2.26244
0.980609            -396.465              157385

#        20         1         1         0   2.21484
0.998487            -398.357              158699

#        20         1         1         0    2.1692
0.998386             -398.11              158502

#        20         1         1         0    2.1254
0.998139            -397.846              158293

#        20         1         1         0   2.08333
0.997878            -397.567              158073

#        20         1         1         0    2.0429
0.997584            -397.208              157787

#        20         1         1         0   2.00401
0.997188            -396.851              157508

#        20         1         1         0   1.96657
0.996885            -396.471              157207

#        20         1         1         0    1.9305
0.996655            -396.083              156899

#        20         1         1         0   1.89573
0.996254            -395.658              156566

#        20         1         1         0    1.8622
0.995711             -395.14              156159

#        20         1         1         0   1.82983
0.982806            -393.129              154719

#        20         1         1         0   1.79856
0.994683            -394.074              155325

#        20         1         1         0   1.76835
0.992449            -393.259              154706

#        20         1         1         0   1.73913
0.989578            -392.334              154008

#        20         1         1         0   1.71086
0.985443             -391.39              153303

#        20         1         1         0    1.6835
0.989321            -391.169              153085

#        20         1         1         0     1.657
0.992018            -390.827              152781

#        20         1         1         0   1.63132
0.990318            -389.868              152052

#        20         1         1         0   1.60643
0.990154            -389.134              151476

#        20         1         1         0   1.58228
0.988453            -388.086              150681

#        20         1         1         0   1.55885
0.989063            -387.456              150171

#        20         1         1         0    1.5361
0.978275            -385.317              148638

#        20         1         1         0     1.514
0.987373            -385.524              148684

#        20         1         1         0   1.49254
0.986372            -384.499              147900

#        20         1         1         0   1.47167
0.984915            -383.328              147009

#        20         1         1         0   1.45138
0.984604             -382.35              146253

#        20         1         1         0   1.43164
0.983582             -381.16              145349

#        20         1         1         0   1.41243
0.977665            -379.296              144003

#        20         1         1         0   1.39373
0.981143            -378.592              143409

#        20         1         1         0   1.37552
0.980172            -377.398              142509

#        20         1         1         0   1.35777
0.978855            -375.938              141415

#        20         1         1         0   1.34048
0.977486            -374.582              140404

#        20         1         1         0   1.32363
0.975974            -373.117              139317

#        20         1         1         0   1.30719
0.970258            -371.013              137815

#        20         1         1         0   1.29116
0.973583             -370.16              137122

#        20         1         1         0   1.27551
0.972116            -368.566              135952

#        20         1         1         0   1.26024
0.970544            -366.843              134690

#        20         1         1         0   1.24533
0.966271             -364.87              133292

#        20         1         1         0   1.23077
0.967264            -363.364              132163

#        20         1         1         0   1.21655
0.963555            -361.469              130827

#        20         1         1         0   1.20265
0.960433            -359.404              129362

#        20         1         1         0   1.18906
0.962231            -358.058              128355

#        20         1         1         0   1.17578
0.960091            -355.971              126874

#        20         1         1         0   1.16279
0.958557            -354.128              125567

#        20         1         1         0   1.15009
0.952632            -351.603              123854

#        20         1         1         0   1.13766
0.953165            -349.823              122577

#        20         1         1         0   1.12549
0.952501            -347.836              121176

#        20         1         1         0   1.11359
0.950348            -345.579              119619

#        20         1         1         0   1.10193
0.947981            -343.354              118100

#        20         1         1         0   1.09051
0.946083            -341.175              116607

#        20         1         1         0   1.07933
0.943446            -338.724              114960

#        20         1         1         0   1.06838
0.94133            -336.485              113454

#        20         1         1         0   1.05764
0.938705            -333.939              111759

#        20         1         1         0   1.04712
0.93621            -331.446              110108

#        20         1         1         0   1.03681
0.933969            -328.984              108487

#        20         1         1         0   1.02669
0.931165            -326.302              106744

#        20         1         1         0   1.01678
0.9283            -323.625              105013

#        20         1         1         0   1.00705
0.925846            -320.976              103313

#        20         1         1         0  0.997506
0.922143            -318.031              101460

#        20         1         1         0  0.988142
0.920242            -315.552             99884.8

#        20         1         1         0  0.978953
0.917041            -312.558             98020.4

#        20         1         1         0  0.969932
0.914047            -309.666             96232.1

#        20         1         1         0  0.961076
0.91069            -306.748             94449.4

#        20         1         1         0  0.952381
0.90693            -303.585             92540.6

#        20         1         1         0  0.943841
0.904474            -300.643             90763.9

#        20         1         1         0  0.935454
0.901032            -297.498               88896

#        20         1         1         0  0.927214
0.897472            -294.293             87014.4

#        20         1         1         0  0.919118
0.893767            -290.935             85062.2

#        20         1         1         0  0.911162
0.889787            -287.317             82987.9

#        20         1         1         0  0.903342
0.886304            -284.096             81162.1

#        20         1         1         0  0.895656
0.882326            -280.579             79187.9

#        20         1         1         0  0.888099
0.878472            -277.176             77309.2

#        20         1         1         0  0.880669
0.873843            -273.268             75178.1

#        20         1         1         0  0.873362
0.869513            -269.613             73213.2

#        20         1         1         0  0.866176
0.863103            -265.608             71118.3

#        20         1         1         0  0.859107
0.860242            -261.987             69199.1

#        20         1         1         0  0.852152
0.855029            -257.977             67140.2

#        20         1         1         0  0.845309
0.850619            -254.036             65139.5

#        20         1         1         0  0.838574
0.84528            -249.735             63003.2

#        20         1         1         0  0.831947
0.839103            -245.638             61013.2

#        20         1         1         0  0.825423
0.834167            -241.393             58964.4

#        20         1         1         0  0.819001
0.828344             -236.94             56856.3

#        20         1         1         0  0.812678
0.823072            -232.678             54874.7

#        20         1         1         0  0.806452
0.815873            -227.683             52611.5

#        20         1         1         0   0.80032
0.809558            -223.141             50591.2

#        20         1         1         0  0.794281
0.801467            -217.778             48276.4

#        20         1         1         0  0.788333
0.794634            -213.028             46257.6

#        20         1         1         0  0.782473
0.786282            -207.764             44076.1

#        20         1         1         0  0.776699
0.777291            -202.289             41881.2

#        20         1         1         0   0.77101
0.769684            -197.172             39859.4

#        20         1         1         0  0.765404
0.757673            -190.847             37490.3

#        20         1         1         0  0.759878
0.749522            -185.657             35556.4

#        20         1         1         0  0.754432
0.735974            -178.786             33123.4

#        20         1         1         0  0.749064
0.724691            -172.862             31104.2

#        20         1         1         0  0.743771
0.708648            -165.987             28884.5

#        20         1         1         0  0.738552
0.686696            -157.721               26327

#        20         1         1         0  0.733407
0.671934            -150.699             24226.7

#        20         1         1         0  0.728332
0.6535            -143.576             22171.5

#        20         1         1         0  0.723327
0.624527            -133.936             19604.2

#        20         1         1         0  0.718391
0.60544            -127.065             17846.6

#        20         1         1         0  0.713521
0.573627            -117.421             15604.9

#        20         1         1         0  0.708717
0.553559            -110.235             13937.9

#        20         1         1         0  0.703977
0.520616            -100.952             11991.6

#        20         1         1         0  0.699301
0.495489            -93.5567             10578.5

#        20         1         1         0  0.694686
0.466494            -85.3107             9029.07

#        20         1         1         0  0.690131
0.438781            -77.2095             7654.28

#        20         1         1         0  0.685636
0.409786            -69.9312             6518.17

#        20         1         1         0  0.681199
0.380335            -62.0797             5391.34

#        20         1         1         0  0.676819
0.35128            -54.9324             4475.63

#        20         1         1         0  0.672495
0.335279            -49.9612             3909.48

#        20         1         1         0  0.668226
0.310361             -43.149             3179.96

#        20         1         1         0  0.664011
0.296783            -38.6632             2734.39

#        20         1         1         0  0.659848
0.282265            -33.7531             2323.68

#        20         1         1         0  0.655738
0.258267            -27.7645             1872.76

#        20         1         1         0  0.651678
0.248872            -24.0061             1636.22

#        20         1         1         0  0.647668
0.236991            -19.7637             1405.09

#        20         1         1         0  0.643708
0.221934            -15.6821             1199.82

#        20         1         1         0  0.639795
0.216566            -12.2707             1088.29

#        20         1         1         0   0.63593
0.203061            -8.23115             950.007

#        20         1         1         0  0.632111
0.196867            -5.03963             871.835

#        20         1         1         0  0.628338
0.188658            -2.03277              836.81

#        20         1         1         0   0.62461
0.183639            0.678123             799.895

#        20         1         1         0  0.620925
0.177699             3.77784             802.241

#        20         1         1         0  0.617284
0.172238             6.39429             808.595

#        20         1         1         0  0.613685
0.166658             9.16121             831.713

#        20         1         1         0  0.610128
0.160213             11.6711             863.127

#        20         1         1         0  0.606612
0.154357             14.6003             920.417

#        20         1         1         0  0.603136
0.15052             17.4132             987.623

#        20         1         1         0    0.5997
0.148563             18.9955             1039.31

#        20         1         1         0  0.596303
0.144095             21.5932             1134.27

#        20         1         1         0  0.592944
0.139191             23.8369             1221.36

#        20         1         1         0  0.589623
0.136517             25.8858             1302.92

#        20         1         1         0  0.586338
0.135745             27.9511             1414.76

#        20         1         1         0   0.58309
0.131545             30.0541             1528.03

#        20         1         1         0  0.579878
0.1297             31.8097             1623.86

#        20         1         1         0  0.576701
0.126782             33.9474                1758

#        20         1         1         0  0.573559
0.125323             35.7167             1874.57

#        20         1         1         0  0.570451
0.120901             37.7482             2007.85

#        20         1         1         0  0.567376
0.118888             39.5653             2143.21

#        20         1         1         0  0.564334
0.116736             41.2019             2271.02

#        20         1         1         0  0.561325
0.115905              42.801             2397.66

#        20         1         1         0  0.558347
0.11314             44.6501             2553.62

#        20         1         1         0  0.555401
0.111458             46.2159             2687.56

#        20         1         1         0  0.552486
0.110327             47.7511             2829.97

#        20         1         1         0  0.549602
0.107675              49.594             2996.04

#        20         1         1         0  0.546747
0.105964             51.0197             3135.57

#        20         1         1         0  0.543922
0.105392             52.4667             3277.33

#        20         1         1         0  0.541126
0.103759             53.9815             3432.34

#        20         1         1         0  0.538358
0.102156             55.3505             3581.72

#        20         1         1         0  0.535619
0.101498             56.7026             3727.45

#        20         1         1         0  0.532907
0.099323             58.2473              3900.2

#        20         1         1         0  0.530223
0.0991864              59.487             4044.43

#        20         1         1         0  0.527565
0.0974659             60.8731             4205.41

#        20         1         1         0  0.524934
0.0956713             62.2366             4369.06

#        20         1         1         0   0.52233
0.0954086             63.5079             4522.42

#        20         1         1         0  0.519751
0.0936088             64.7942             4681.73

#        20         1         1         0  0.517197
0.0931996             65.8838             4823.69

#        20         1         1         0  0.514668
0.0915259              67.145              4990.3

#        20         1         1         0  0.512164
0.0913632             68.2972             5141.97

#        20         1         1         0  0.509684
0.090156             69.4869              5298.4

#        20         1         1         0  0.507228
0.089416             70.6294                5459

#        20         1         1         0  0.504796
0.0880611             71.8347             5625.67

#        20         1         1         0  0.502386
0.0879818             72.8751             5777.93

#        20         1         1         0       0.5
0.0872434             74.0807             5947.89

