#    N    J    D    H   B
#     <|m|>       <E>    <E^2>

#        20         1       0.9         0        10
0.199933            -359.983              129590

#        20         1       0.9         0   9.13242
0.999966            -439.984              193590

#        20         1       0.9         0   8.40336
0.099956            -359.962              129576

#        20         1       0.9         0    7.7821
0.300028            -359.945              129563

#        20         1       0.9         0   7.24638
0.999787            -439.952              193565

#        20         1       0.9         0   6.77966
0.99984            -439.959              193571

#        20         1       0.9         0   6.36943
0.435953              -359.8              129460

#        20         1       0.9         0   6.00601
0.203009            -359.699              129386

#        20         1       0.9         0   5.68182
0.967445            -434.583              189527

#        20         1       0.9         0   5.39084
0.999882            -439.966              193577

#        20         1       0.9         0   5.12821
0.999764            -439.947              193563

#        20         1       0.9         0   4.88998
0.262857            -358.758              128711

#        20         1       0.9         0    4.6729
0.999871            -439.963              193574

#        20         1       0.9         0   4.47427
0.999712            -439.946              193561

#        20         1       0.9         0   4.29185
0.999909            -439.971              193580

#        20         1       0.9         0   4.12371
0.939461            -432.905              187949

#        20         1       0.9         0   3.96825
0.9626            -434.813              189471

#        20         1       0.9         0   3.82409
0.999807             -439.95              193563

#        20         1       0.9         0   3.69004
0.815541            -421.053              178533

#        20         1       0.9         0   3.56506
0.99987            -439.948              193561

#        20         1       0.9         0   3.44828
0.999881            -439.947              193559

#        20         1       0.9         0    3.3389
0.999729            -439.915              193534

#        20         1       0.9         0   3.23625
0.999898            -439.924              193538

#        20         1       0.9         0   3.13972
0.999854            -439.899              193517

#        20         1       0.9         0   3.04878
0.976046            -437.389              191528

#        20         1       0.9         0   2.96296
0.999814            -439.846              193470

#        20         1       0.9         0   2.88184
0.999772            -439.811              193440

#        20         1       0.9         0   2.80505
0.999773            -439.768              193402

#        20         1       0.9         0   2.73224
0.999524            -439.683              193331

#        20         1       0.9         0   2.66312
0.997606            -439.357              193068

#        20         1       0.9         0    2.5974
0.999641            -439.582              193238

#        20         1       0.9         0   2.53485
0.999521            -439.501              193167

#        20         1       0.9         0   2.47525
0.999473              -439.4              193079

#        20         1       0.9         0   2.41838
0.999277            -439.261              192958

#        20         1       0.9         0   2.36407
0.997124            -438.868              192639

#        20         1       0.9         0   2.31214
0.99903             -438.98              192713

#        20         1       0.9         0   2.26244
0.998914            -438.816              192570

#        20         1       0.9         0   2.21484
0.980832             -436.39              190650

#        20         1       0.9         0    2.1692
0.998657            -438.427              192228

#        20         1       0.9         0    2.1254
0.998475            -438.201              192031

#        20         1       0.9         0   2.08333
0.996624            -437.764              191671

#        20         1       0.9         0    2.0429
0.998071            -437.685              191581

#        20         1       0.9         0   2.00401
0.997584            -437.349              191291

#        20         1       0.9         0   1.96657
0.997508            -437.054              191032

#        20         1       0.9         0    1.9305
0.993651            -436.245              190369

#        20         1       0.9         0   1.89573
0.99412            -435.989              190137

#        20         1       0.9         0    1.8622
0.989696            -435.127              189429

#        20         1       0.9         0   1.82983
0.995529            -435.306              189529

#        20         1       0.9         0   1.79856
0.995818            -434.971              189223

#        20         1       0.9         0   1.76835
0.995459            -434.477              188793

#        20         1       0.9         0   1.73913
0.994736            -433.902              188303

#        20         1       0.9         0   1.71086
0.994417            -433.324              187800

#        20         1       0.9         0    1.6835
0.993976             -432.73              187284

#        20         1       0.9         0     1.657
0.99348              -432.1              186741

#        20         1       0.9         0   1.63132
0.992823            -431.373              186116

#        20         1       0.9         0   1.60643
0.992026            -430.615              185468

#        20         1       0.9         0   1.58228
0.991511            -429.873              184830

#        20         1       0.9         0   1.55885
0.990723            -429.098              184170

#        20         1       0.9         0    1.5361
0.978027            -426.836              182377

#        20         1       0.9         0     1.514
0.989286            -427.333              182664

#        20         1       0.9         0   1.49254
0.985103            -425.992              181564

#        20         1       0.9         0   1.47167
0.984131            -424.892              180644

#        20         1       0.9         0   1.45138
0.986452            -424.367              180154

#        20         1       0.9         0   1.43164
0.983829            -423.086              179095

#        20         1       0.9         0   1.41243
0.985239            -422.433              178514

#        20         1       0.9         0   1.39373
0.98418            -421.182              177463

#        20         1       0.9         0   1.37552
0.983187            -419.989              176463

#        20         1       0.9         0   1.35777
0.978987            -418.354              175140

#        20         1       0.9         0   1.34048
0.979418            -417.295              174239

#        20         1       0.9         0   1.32363
0.977284            -415.848              173054

#        20         1       0.9         0   1.30719
0.97853            -414.806              172161

#        20         1       0.9         0   1.29116
0.977407              -413.5              171082

#        20         1       0.9         0   1.27551
0.976202            -412.004              169850

#        20         1       0.9         0   1.26024
0.974464            -410.411              168556

#        20         1       0.9         0   1.24533
0.97352            -408.983              167379

#        20         1       0.9         0   1.23077
0.972043            -407.335              166039

#        20         1       0.9         0   1.21655
0.969693            -405.557              164615

#        20         1       0.9         0   1.20265
0.969087            -404.016              163359

#        20         1       0.9         0   1.18906
0.966907            -402.308              162002

#        20         1       0.9         0   1.17578
0.965866            -400.508              160552

#        20         1       0.9         0   1.16279
0.962535            -398.507              158988

#        20         1       0.9         0   1.15009
0.962564            -396.859              157657

#        20         1       0.9         0   1.13766
0.960908            -394.967              156165

#        20         1       0.9         0   1.12549
0.95914            -392.998              154621

#        20         1       0.9         0   1.11359
0.95735            -390.957              153022

#        20         1       0.9         0   1.10193
0.953053            -388.632              151258

#        20         1       0.9         0   1.09051
0.953558            -386.854              149849

#        20         1       0.9         0   1.07933
0.951524            -384.707              148203

#        20         1       0.9         0   1.06838
0.949433            -382.436              146470

#        20         1       0.9         0   1.05764
0.94524            -379.888              144568

#        20         1       0.9         0   1.04712
0.945008            -377.871              143020

#        20         1       0.9         0   1.03681
0.942921            -375.504              141244

#        20         1       0.9         0   1.02669
0.940449            -373.054              139422

#        20         1       0.9         0   1.01678
0.938315            -370.698              137678

#        20         1       0.9         0   1.00705
0.935874            -368.106              135771

#        20         1       0.9         0  0.997506
0.933216            -365.515              133886

#        20         1       0.9         0  0.988142
0.93081            -362.939              132016

#        20         1       0.9         0  0.978953
0.92829            -360.299              130117

#        20         1       0.9         0  0.969932
0.924811            -357.518              128150

#        20         1       0.9         0  0.961076
0.922855            -354.835              126237

#        20         1       0.9         0  0.952381
0.92013            -352.025              124258

#        20         1       0.9         0  0.943841
0.917128            -349.092              122217

#        20         1       0.9         0  0.935454
0.914124            -346.084              120143

#        20         1       0.9         0  0.927214
0.911197            -343.202              118164

#        20         1       0.9         0  0.919118
0.908026             -340.13              116085

#        20         1       0.9         0  0.911162
0.904808            -336.999              113981

#        20         1       0.9         0  0.903342
0.901198            -333.635              111738

#        20         1       0.9         0  0.895656
0.897908            -330.402              109604

#        20         1       0.9         0  0.888099
0.894659            -327.345              107611

#        20         1       0.9         0  0.880669
0.890955            -323.832              105340

#        20         1       0.9         0  0.873362
0.887066             -320.23              103037

#        20         1       0.9         0  0.866176
0.882801            -316.401              100620

#        20         1       0.9         0  0.859107
0.87912            -312.949             98460.4

#        20         1       0.9         0  0.852152
0.875091             -309.41             96284.6

#        20         1       0.9         0  0.845309
0.870777            -305.648             93990.5

#        20         1       0.9         0  0.838574
0.866218            -301.957             91772.8

#        20         1       0.9         0  0.831947
0.861552            -297.854             89331.2

#        20         1       0.9         0  0.825423
0.856865            -293.863             86997.2

#        20         1       0.9         0  0.819001
0.852311            -289.863             84680.3

#        20         1       0.9         0  0.812678
0.846566            -285.312             82094.3

#        20         1       0.9         0  0.806452
0.840923            -280.917               79642

#        20         1       0.9         0   0.80032
0.836102            -276.873             77396.4

#        20         1       0.9         0  0.794281
0.830814            -272.544             75051.5

#        20         1       0.9         0  0.788333
0.82453            -267.644             72416.7

#        20         1       0.9         0  0.782473
0.81787            -262.866             69950.4

#        20         1       0.9         0  0.776699
0.811368            -258.079             67479.9

#        20         1       0.9         0   0.77101
0.804124            -252.938             64886.4

#        20         1       0.9         0  0.765404
0.796788             -247.87             62390.8

#        20         1       0.9         0  0.759878
0.789494            -242.703             59893.7

#        20         1       0.9         0  0.754432
0.782158            -237.704             57519.2

#        20         1       0.9         0  0.749064
0.77086            -231.362             54631.6

#        20         1       0.9         0  0.743771
0.760152            -225.143             51849.7

#        20         1       0.9         0  0.738552
0.748258            -218.851             49142.7

#        20         1       0.9         0  0.733407
0.736484            -212.362             46402.3

#        20         1       0.9         0  0.728332
0.725716            -206.933             44175.2

#        20         1       0.9         0  0.723327
0.709507            -199.035             41046.2

#        20         1       0.9         0  0.718391
0.693731            -192.214             38470.3

#        20         1       0.9         0  0.713521
0.682481            -186.055             36198.2

#        20         1       0.9         0  0.708717
0.657604            -176.964             33010.5

#        20         1       0.9         0  0.703977
0.640931            -169.453               30456

#        20         1       0.9         0  0.699301
0.610395            -160.181             27524.5

#        20         1       0.9         0  0.694686
0.59104            -152.193             25046.8

#        20         1       0.9         0  0.690131
0.555126            -142.215             22205.4

#        20         1       0.9         0  0.685636
0.525116            -133.393             19786.5

#        20         1       0.9         0  0.681199
0.499076            -124.977             17527.4

#        20         1       0.9         0  0.676819
0.460357            -115.352             15191.9

#        20         1       0.9         0  0.672495
0.441064            -108.514             13664.1

#        20         1       0.9         0  0.668226
0.413684            -101.253             12053.1

#        20         1       0.9         0  0.664011
0.385169            -93.2602             10405.5

#        20         1       0.9         0  0.659848
0.363772            -86.7602             9133.72

#        20         1       0.9         0  0.655738
0.335713            -79.8417             7906.91

#        20         1       0.9         0  0.651678
0.314111            -73.0301             6762.67

#        20         1       0.9         0  0.647668
0.308399            -69.5109             6207.48

#        20         1       0.9         0  0.643708
0.281742             -63.082             5262.19

#        20         1       0.9         0  0.639795
0.262871            -57.6371             4535.94

#        20         1       0.9         0   0.63593
0.253358            -53.6698             4047.97

#        20         1       0.9         0  0.632111
0.236869            -48.7367             3460.54

#        20         1       0.9         0  0.628338
0.22949            -45.2938             3114.18

#        20         1       0.9         0   0.62461
0.224715            -41.7742             2764.95

#        20         1       0.9         0  0.620925
0.212681            -37.8276             2391.18

#        20         1       0.9         0  0.617284
0.197757            -33.6505             2061.56

#        20         1       0.9         0  0.613685
0.193692            -30.7084             1851.46

#        20         1       0.9         0  0.610128
0.188462            -27.4097             1641.44

#        20         1       0.9         0  0.606612
0.179842            -24.1681             1439.42

#        20         1       0.9         0  0.603136
0.174053            -21.7423             1305.44

#        20         1       0.9         0    0.5997
0.168918            -18.6141             1161.97

#        20         1       0.9         0  0.596303
0.165014            -16.1485             1058.15

#        20         1       0.9         0  0.592944
0.157805            -13.2427             944.766

#        20         1       0.9         0  0.589623
0.152898            -10.2083             855.502

#        20         1       0.9         0  0.586338
0.151231            -8.40252             813.476

#        20         1       0.9         0   0.58309
0.146416            -5.74214             767.134

#        20         1       0.9         0  0.579878
0.14325            -3.53657             723.554

#        20         1       0.9         0  0.576701
0.139019            -1.27623             704.862

#        20         1       0.9         0  0.573559
0.13616             1.19596             691.269

#        20         1       0.9         0  0.570451
0.133997             3.10876             688.728

#        20         1       0.9         0  0.567376
0.13142             5.05354              700.25

#        20         1       0.9         0  0.564334
0.127735             7.41641             711.833

#        20         1       0.9         0  0.561325
0.127067              9.0367             732.109

#        20         1       0.9         0  0.558347
0.123035             11.0771             772.271

#        20         1       0.9         0  0.555401
0.119962             13.1759             803.871

#        20         1       0.9         0  0.552486
0.118794             14.9037             851.422

#        20         1       0.9         0  0.549602
0.117105             16.6675              898.77

#        20         1       0.9         0  0.546747
0.115451             18.3794              942.95

#        20         1       0.9         0  0.543922
0.114246             20.0557             1001.02

#        20         1       0.9         0  0.541126
0.112575             21.5796             1064.84

#        20         1       0.9         0  0.538358
0.110105             23.2473             1130.85

#        20         1       0.9         0  0.535619
0.107937             24.9687              1207.6

#        20         1       0.9         0  0.532907
0.106667             26.6144             1285.03

#        20         1       0.9         0  0.530223
0.106268             27.9362             1353.01

#        20         1       0.9         0  0.527565
0.104645             29.3833             1425.35

#        20         1       0.9         0  0.524934
0.102891             30.9458             1514.88

#        20         1       0.9         0   0.52233
0.100448             32.6005             1616.51

#        20         1       0.9         0  0.519751
0.0996734              33.875              1698.3

#        20         1       0.9         0  0.517197
0.100138              35.079             1773.27

#        20         1       0.9         0  0.514668
0.0977356             36.5436             1870.31

#        20         1       0.9         0  0.512164
0.09653             37.9132             1967.92

#        20         1       0.9         0  0.509684
0.0948845               39.23              2065.5

#        20         1       0.9         0  0.507228
0.0943449             40.6457             2176.28

#        20         1       0.9         0  0.504796
0.093454             41.8987              2273.9

#        20         1       0.9         0  0.502386
0.0923825             43.1019             2372.45

#        20         1       0.9         0       0.5
0.0921249              44.404             2484.84

