#    N    J    D    H   B
#     <|m|>       <E>    <E^2>

#        20         1      1.74         0        10
0.9993             -103.86             10796.4

#        20         1      1.74         0   9.13242
0.999501            -103.917             10806.3

#        20         1      1.74         0   8.40336
0.99643            -103.562             10758.5

#        20         1      1.74         0    7.7821
0.999543            -103.924             10807.2

#        20         1      1.74         0   7.24638
0.998919            -103.874             10798.5

#        20         1      1.74         0   6.77966
0.999051            -103.862             10799.9

#        20         1      1.74         0   6.36943
0.999742             -103.95             10811.3

#        20         1      1.74         0   6.00601
0.999258            -103.899             10803.4

#        20         1      1.74         0   5.68182
0.99941            -103.925             10806.3

#        20         1      1.74         0   5.39084
0.99952            -103.934               10808

#        20         1      1.74         0   5.12821
0.99992            -103.973             10813.2

#        20         1      1.74         0   4.88998
0.628522            -76.3368             6473.51

#        20         1      1.74         0    4.6729
0.999657            -103.931             10806.1

#        20         1      1.74         0   4.47427
0.999764            -103.926             10805.3

#        20         1      1.74         0   4.29185
0.999549             -103.89             10798.9

#        20         1      1.74         0   4.12371
0.999629            -103.872             10794.5

#        20         1      1.74         0   3.96825
0.999417            -103.824             10784.8

#        20         1      1.74         0   3.82409
0.999632            -103.805             10780.2

#        20         1      1.74         0   3.69004
0.999347            -103.718             10763.8

#        20         1      1.74         0   3.56506
0.99929             -103.65             10750.2

#        20         1      1.74         0   3.44828
0.894401            -96.4106             9649.97

#        20         1      1.74         0    3.3389
0.999156            -103.459             10709.3

#        20         1      1.74         0   3.23625
0.999089            -103.326               10682

#        20         1      1.74         0   3.13972
0.995489             -102.88             10607.1

#        20         1      1.74         0   3.04878
0.998703            -102.981             10612.5

#        20         1      1.74         0   2.96296
0.998524            -102.767             10567.2

#        20         1      1.74         0   2.88184
0.998253            -102.513             10516.1

#        20         1      1.74         0   2.80505
0.997942            -102.237             10459.5

#        20         1      1.74         0   2.73224
0.997528            -101.897             10391.5

#        20         1      1.74         0   2.66312
0.997089             -101.54               10320

#        20         1      1.74         0    2.5974
0.961061            -98.2203             9836.02

#        20         1      1.74         0   2.53485
0.996002            -100.639             10140.2

#        20         1      1.74         0   2.47525
0.995295            -100.109             10035.7

#        20         1      1.74         0   2.41838
0.994761            -99.5604             9926.53

#        20         1      1.74         0   2.36407
0.992563             -98.821             9789.73

#        20         1      1.74         0   2.31214
0.98007            -97.1363             9526.54

#        20         1      1.74         0   2.26244
0.992231             -97.493              9525.1

#        20         1      1.74         0   2.21484
0.991331            -96.7109             9374.48

#        20         1      1.74         0    2.1692
0.982692            -95.1795             9126.78

#        20         1      1.74         0    2.1254
0.988777            -94.8183             9018.91

#        20         1      1.74         0   2.08333
0.98771            -93.8509             8837.63

#        20         1      1.74         0    2.0429
0.986128             -92.691              8626.3

#        20         1      1.74         0   2.00401
0.984577            -91.5178             8413.63

#        20         1      1.74         0   1.96657
0.983065              -90.22             8178.77

#        20         1      1.74         0    1.9305
0.981189            -88.8958             7947.24

#        20         1      1.74         0   1.89573
0.979332            -87.4533             7696.39

#        20         1      1.74         0    1.8622
0.977435            -86.0247             7452.83

#        20         1      1.74         0   1.82983
0.975485            -84.4541             7186.38

#        20         1      1.74         0   1.79856
0.969562            -82.3921             6873.12

#        20         1      1.74         0   1.76835
0.967869            -80.7752             6610.92

#        20         1      1.74         0   1.73913
0.966121            -78.8648              6304.8

#        20         1      1.74         0   1.71086
0.965036            -77.0102             6007.83

#        20         1      1.74         0    1.6835
0.962076            -75.0425             5716.29

#        20         1      1.74         0     1.657
0.959109            -72.8562             5395.89

#        20         1      1.74         0   1.63132
0.955529            -70.5274             5070.56

#        20         1      1.74         0   1.60643
0.952343            -68.3046             4765.38

#        20         1      1.74         0   1.58228
0.948444            -65.7371              4430.2

#        20         1      1.74         0   1.55885
0.944434            -63.2063             4112.09

#        20         1      1.74         0    1.5361
0.940358            -60.5587             3792.14

#        20         1      1.74         0     1.514
0.935816             -57.758             3469.46

#        20         1      1.74         0   1.49254
0.931157            -54.8885              3154.8

#        20         1      1.74         0   1.47167
0.926913            -52.1822             2871.84

#        20         1      1.74         0   1.45138
0.921506            -48.9485             2553.16

#        20         1      1.74         0   1.43164
0.915273             -45.777              2270.2

#        20         1      1.74         0   1.41243
0.909516            -42.2817             1972.59

#        20         1      1.74         0   1.39373
0.904493            -39.1995             1724.64

#        20         1      1.74         0   1.37552
0.898312            -35.7156             1473.16

#        20         1      1.74         0   1.35777
0.891732            -32.0859             1235.53

#        20         1      1.74         0   1.34048
0.885078            -28.5945              1036.7

#        20         1      1.74         0   1.32363
0.877891            -24.7708             841.985

#        20         1      1.74         0   1.30719
0.8707            -21.1452             686.212

#        20         1      1.74         0   1.29116
0.862857            -17.1417             542.654

#        20         1      1.74         0   1.27551
0.854624            -13.1248             434.956

#        20         1      1.74         0   1.26024
0.84591              -9.188             364.777

#        20         1      1.74         0   1.24533
0.836721            -4.69745             313.259

#        20         1      1.74         0   1.23077
0.827873           -0.770148             300.478

#        20         1      1.74         0   1.21655
0.818486             3.53489             330.682

#        20         1      1.74         0   1.20265
0.807733             8.09632             397.402

#        20         1      1.74         0   1.18906
0.796863             12.6311              509.19

#        20         1      1.74         0   1.17578
0.785591             17.2752             657.117

#        20         1      1.74         0   1.16279
0.774085             21.7588             849.445

#        20         1      1.74         0   1.15009
0.759979             27.0156             1117.33

#        20         1      1.74         0   1.13766
0.748589             31.3001             1381.15

#        20         1      1.74         0   1.12549
0.734407             36.0192             1718.39

#        20         1      1.74         0   1.11359
0.718019             41.4853             2170.14

#        20         1      1.74         0   1.10193
0.699832             46.9493             2674.32

#        20         1      1.74         0   1.09051
0.680525             52.2913                3236

#        20         1      1.74         0   1.07933
0.662454             57.8329             3848.65

#        20         1      1.74         0   1.06838
0.634518             64.1344             4680.45

#        20         1      1.74         0   1.05764
0.609887             70.2405             5509.46

#        20         1      1.74         0   1.04712
0.584917             75.8082             6333.46

#        20         1      1.74         0   1.03681
0.54614             83.1648             7527.77

#        20         1      1.74         0   1.02669
0.512606             89.3056             8605.56

#        20         1      1.74         0   1.01678
0.474783             95.7629             9781.85

#        20         1      1.74         0   1.00705
0.447341             100.769             10762.3

#        20         1      1.74         0  0.997506
0.410388             106.943             12008.2

#        20         1      1.74         0  0.988142
0.371174             112.724             13237.5

#        20         1      1.74         0  0.978953
0.345985              117.11             14228.1

#        20         1      1.74         0  0.969932
0.325041             121.097               15138

#        20         1      1.74         0  0.961076
0.30011             125.213             16120.4

#        20         1      1.74         0  0.952381
0.282972             128.426             16907.3

#        20         1      1.74         0  0.943841
0.256716             132.523             17936.4

#        20         1      1.74         0  0.935454
0.246714             135.075             18606.9

#        20         1      1.74         0  0.927214
0.228086             138.458             19503.8

#        20         1      1.74         0  0.919118
0.217955             140.829             20156.7

#        20         1      1.74         0  0.911162
0.206503             143.403             20878.5

#        20         1      1.74         0  0.903342
0.195631             145.897             21581.5

#        20         1      1.74         0  0.895656
0.187507             148.003               22196

#        20         1      1.74         0  0.888099
0.178047             150.278             22859.2

#        20         1      1.74         0  0.880669
0.175727             151.947               23364

#        20         1      1.74         0  0.873362
0.161719             154.393             24097.4

#        20         1      1.74         0  0.866176
0.160943             155.929             24574.3

#        20         1      1.74         0  0.859107
0.154014             157.802             25158.4

#        20         1      1.74         0  0.852152
0.147914               159.6             25724.7

#        20         1      1.74         0  0.845309
0.143535              161.35             26280.8

#        20         1      1.74         0  0.838574
0.140246             162.996             26814.4

#        20         1      1.74         0  0.831947
0.135426             164.793             27400.6

#        20         1      1.74         0  0.825423
0.133484             166.285             27893.1

#        20         1      1.74         0  0.819001
0.129234             167.756             28383.3

#        20         1      1.74         0  0.812678
0.12669             169.227             28878.5

#        20         1      1.74         0  0.806452
0.121597             170.846             29424.5

#        20         1      1.74         0   0.80032
0.119286             172.228             29898.5

#        20         1      1.74         0  0.794281
0.117671             173.743               30421

#        20         1      1.74         0  0.788333
0.116063             175.085             30888.7

#        20         1      1.74         0  0.782473
0.112935             176.416             31357.5

#        20         1      1.74         0  0.776699
0.110955             177.888             31878.4

#        20         1      1.74         0   0.77101
0.109531             179.174             32337.4

#        20         1      1.74         0  0.765404
0.10671             180.529             32825.2

#        20         1      1.74         0  0.759878
0.104938              181.72             33255.8

#        20         1      1.74         0  0.754432
0.102817             183.099               33759

#        20         1      1.74         0  0.749064
0.102429              184.23             34176.8

#        20         1      1.74         0  0.743771
0.0994441             185.649             34698.8

#        20         1      1.74         0  0.738552
0.0991526             186.748             35111.5

#        20         1      1.74         0  0.733407
0.0970884             188.088             35611.9

#        20         1      1.74         0  0.728332
0.0966197             189.127             36003.6

#        20         1      1.74         0  0.723327
0.0946312             190.349             36467.6

#        20         1      1.74         0  0.718391
0.0938155              191.53             36920.3

#        20         1      1.74         0  0.713521
0.0923705              192.68               37362

#        20         1      1.74         0  0.708717
0.0926955             193.624             37727.3

#        20         1      1.74         0  0.703977
0.0904091             194.948             38242.6

#        20         1      1.74         0  0.699301
0.0893665             196.044             38671.4

#        20         1      1.74         0  0.694686
0.0885953              197.19               39123

#        20         1      1.74         0  0.690131
0.0876945             198.277             39553.8

#        20         1      1.74         0  0.685636
0.0860574             199.211             39926.2

#        20         1      1.74         0  0.681199
0.0860197             200.349             40381.3

#        20         1      1.74         0  0.676819
0.0846358             201.496             40842.7

#        20         1      1.74         0  0.672495
0.0838743             202.503             41251.2

#        20         1      1.74         0  0.668226
0.0829306             203.478             41647.2

#        20         1      1.74         0  0.664011
0.0826086             204.559             42089.2

#        20         1      1.74         0  0.659848
0.0821046             205.517             42482.4

#        20         1      1.74         0  0.655738
0.0819241             206.614             42935.9

#        20         1      1.74         0  0.651678
0.0794065             207.703             43387.8

#        20         1      1.74         0  0.647668
0.0785211             208.663             43788.5

#        20         1      1.74         0  0.643708
0.0784032             209.558             44164.5

#        20         1      1.74         0  0.639795
0.0779434             210.621             44610.5

#        20         1      1.74         0   0.63593
0.077313             211.497             44982.6

#        20         1      1.74         0  0.632111
0.0760651             212.492             45402.9

#        20         1      1.74         0  0.628338
0.0763334              213.46             45817.4

#        20         1      1.74         0   0.62461
0.0757199             214.354             46200.8

#        20         1      1.74         0  0.620925
0.0750062             215.292             46605.6

#        20         1      1.74         0  0.617284
0.074245             216.205             46998.5

#        20         1      1.74         0  0.613685
0.0737953             217.147             47409.3

#        20         1      1.74         0  0.610128
0.0731352             218.069             47809.9

#        20         1      1.74         0  0.606612
0.0723886             219.024             48228.9

#        20         1      1.74         0  0.603136
0.0731465              219.77             48558.4

#        20         1      1.74         0    0.5997
0.0719604             220.623             48934.4

#        20         1      1.74         0  0.596303
0.07141             221.567             49353.7

#        20         1      1.74         0  0.592944
0.0713476             222.487             49762.2

#        20         1      1.74         0  0.589623
0.0708038             223.334             50140.5

#        20         1      1.74         0  0.586338
0.0706136             224.157               50509

#        20         1      1.74         0   0.58309
0.0699682             225.134             50949.9

#        20         1      1.74         0  0.579878
0.0694811             225.945             51316.1

#        20         1      1.74         0  0.576701
0.0691827             226.787             51698.9

#        20         1      1.74         0  0.573559
0.0684897             227.654             52094.5

#        20         1      1.74         0  0.570451
0.0685089             228.488             52475.2

#        20         1      1.74         0  0.567376
0.0679747             229.288             52842.5

#        20         1      1.74         0  0.564334
0.0673964              230.09             53210.8

#        20         1      1.74         0  0.561325
0.0669926              230.83             53553.8

#        20         1      1.74         0  0.558347
0.0669128             231.657             53938.3

#        20         1      1.74         0  0.555401
0.0667231             232.495             54325.4

#        20         1      1.74         0  0.552486
0.0663514              233.23             54670.6

#        20         1      1.74         0  0.549602
0.0660906             234.091             55074.5

#        20         1      1.74         0  0.546747
0.0653825             234.897             55453.1

#        20         1      1.74         0  0.543922
0.0651133             235.675             55819.4

#        20         1      1.74         0  0.541126
0.064788             236.399             56163.2

#        20         1      1.74         0  0.538358
0.0646059             237.247               56564

#        20         1      1.74         0  0.535619
0.0641877             237.924             56888.1

#        20         1      1.74         0  0.532907
0.0640222             238.663               57241

#        20         1      1.74         0  0.530223
0.0636484             239.439             57613.6

#        20         1      1.74         0  0.527565
0.0633293             240.272             58012.6

#        20         1      1.74         0  0.524934
0.0631952             240.946             58338.6

#        20         1      1.74         0   0.52233
0.06326             241.675             58690.5

#        20         1      1.74         0  0.519751
0.0626096             242.529             59106.5

#        20         1      1.74         0  0.517197
0.0622679             243.035             59351.9

#        20         1      1.74         0  0.514668
0.0618445             243.864             59755.9

#        20         1      1.74         0  0.512164
0.0619384             244.511             60073.3

#        20         1      1.74         0  0.509684
0.0617483             245.331             60476.3

#        20         1      1.74         0  0.507228
0.061512             246.021             60815.2

#        20         1      1.74         0  0.504796
0.0609687             246.775             61189.1

#        20         1      1.74         0  0.502386
0.0605453              247.59             61593.6

#        20         1      1.74         0       0.5
0.0604303             248.239             61916.4

