#    N    J    D    H   B
#     <|m|>       <E>    <E^2>

#        20         1      1.07         0        10
0.99969            -371.941              138348

#        20         1      1.07         0   9.13242
0.999875            -371.967              138365

#        20         1      1.07         0   8.40336
0.0999907             -294.75             86880.5

#        20         1      1.07         0    7.7821
0.999713            -371.944              138351

#        20         1      1.07         0   7.24638
0.153449            -294.683             86840.4

#        20         1      1.07         0   6.77966
0.0656272            -294.598             86791.1

#        20         1      1.07         0   6.36943
0.302289            -294.485             86723.8

#        20         1      1.07         0   6.00601
0.99988            -371.967              138365

#        20         1      1.07         0   5.68182
0.999846            -371.963              138363

#        20         1      1.07         0   5.39084
0.192007            -293.748             86291.7

#        20         1      1.07         0   5.12821
0.999911            -371.973              138369

#        20         1      1.07         0   4.88998
0.999728            -371.946              138352

#        20         1      1.07         0    4.6729
0.924459             -364.68              133524

#        20         1      1.07         0   4.47427
0.966859            -368.238              135891

#        20         1      1.07         0   4.29185
0.999929            -371.974              138369

#        20         1      1.07         0   4.12371
0.999822            -371.954              138356

#        20         1      1.07         0   3.96825
0.999896             -371.96              138360

#        20         1      1.07         0   3.82409
0.999762            -371.935              138343

#        20         1      1.07         0   3.69004
0.999793            -371.937              138343

#        20         1      1.07         0   3.56506
0.977253            -369.473              136714

#        20         1      1.07         0   3.44828
0.999713            -371.905              138320

#        20         1      1.07         0    3.3389
0.978426            -369.681              136852

#        20         1      1.07         0   3.23625
0.999834            -371.885              138304

#        20         1      1.07         0   3.13972
0.990783            -370.753              137556

#        20         1      1.07         0   3.04878
0.999788            -371.818              138254

#        20         1      1.07         0   2.96296
0.999736            -371.774              138222

#        20         1      1.07         0   2.88184
0.999485            -371.684              138159

#        20         1      1.07         0   2.80505
0.961282            -367.439              135364

#        20         1      1.07         0   2.73224
0.99962            -371.591              138086

#        20         1      1.07         0   2.66312
0.999297            -371.459              137991

#        20         1      1.07         0    2.5974
0.931168            -364.001              133096

#        20         1      1.07         0   2.53485
0.995239            -370.693              137470

#        20         1      1.07         0   2.47525
0.998999            -371.095              137721

#        20         1      1.07         0   2.41838
0.989599            -369.938              136954

#        20         1      1.07         0   2.36407
0.983183            -369.099              136391

#        20         1      1.07         0   2.31214
0.998677            -370.579              137339

#        20         1      1.07         0   2.26244
0.99848            -370.363              137178

#        20         1      1.07         0   2.21484
0.998336            -370.107              136990

#        20         1      1.07         0    2.1692
0.998081            -369.842              136794

#        20         1      1.07         0    2.1254
0.997731            -369.541              136575

#        20         1      1.07         0   2.08333
0.988596            -368.128              135634

#        20         1      1.07         0    2.0429
0.997228            -368.852              136066

#        20         1      1.07         0   2.00401
0.969689            -365.439              133831

#        20         1      1.07         0   1.96657
0.99641            -368.012              135452

#        20         1      1.07         0    1.9305
0.996127            -367.584              135138

#        20         1      1.07         0   1.89573
0.995684            -367.071              134761

#        20         1      1.07         0    1.8622
0.993357            -366.302              134224

#        20         1      1.07         0   1.82983
0.994405            -365.962              133957

#        20         1      1.07         0   1.79856
0.994077            -365.357              133513

#        20         1      1.07         0   1.76835
0.980362            -363.166              132067

#        20         1      1.07         0   1.73913
0.992867            -364.072              132581

#        20         1      1.07         0   1.71086
0.992178            -363.366              132071

#        20         1      1.07         0    1.6835
0.991702            -362.611              131522

#        20         1      1.07         0     1.657
0.982625             -360.83              130328

#        20         1      1.07         0   1.63132
0.99026            -360.984              130349

#        20         1      1.07         0   1.60643
0.989239            -360.016              129658

#        20         1      1.07         0   1.58228
0.984089            -358.569              128678

#        20         1      1.07         0   1.55885
0.985604            -357.884              128156

#        20         1      1.07         0    1.5361
0.986735            -357.132              127598

#        20         1      1.07         0     1.514
0.985618            -356.066              126843

#        20         1      1.07         0   1.49254
0.98481            -355.001              126086

#        20         1      1.07         0   1.47167
0.9837            -353.786              125228

#        20         1      1.07         0   1.45138
0.980602             -352.39              124271

#        20         1      1.07         0   1.43164
0.981031            -351.269              123473

#        20         1      1.07         0   1.41243
0.980026            -349.983              122567

#        20         1      1.07         0   1.39373
0.978887            -348.625              121620

#        20         1      1.07         0   1.37552
0.977361            -347.193              120633

#        20         1      1.07         0   1.35777
0.976098            -345.805              119673

#        20         1      1.07         0   1.34048
0.97488            -344.304              118640

#        20         1      1.07         0   1.32363
0.973378            -342.782              117602

#        20         1      1.07         0   1.30719
0.969244            -340.756              116257

#        20         1      1.07         0   1.29116
0.970223             -339.51              115380

#        20         1      1.07         0   1.27551
0.968664            -337.792              114221

#        20         1      1.07         0   1.26024
0.966864            -335.969              112999

#        20         1      1.07         0   1.24533
0.965241            -334.267              111863

#        20         1      1.07         0   1.23077
0.961855            -332.215              110527

#        20         1      1.07         0   1.21655
0.961507            -330.418              109320

#        20         1      1.07         0   1.20265
0.955209            -327.946              107761

#        20         1      1.07         0   1.18906
0.957876            -326.674              106872

#        20         1      1.07         0   1.17578
0.954828            -324.343              105378

#        20         1      1.07         0   1.16279
0.953577            -322.364              104092

#        20         1      1.07         0   1.15009
0.951271            -320.106              102648

#        20         1      1.07         0   1.13766
0.949272            -318.013              101322

#        20         1      1.07         0   1.12549
0.945667             -315.52             99767.2

#        20         1      1.07         0   1.11359
0.942728            -313.196             98326.7

#        20         1      1.07         0   1.10193
0.941741            -311.096             97002.3

#        20         1      1.07         0   1.09051
0.939325            -308.498               95397

#        20         1      1.07         0   1.07933
0.937193            -306.159             93964.4

#        20         1      1.07         0   1.06838
0.934513            -303.611             92423.9

#        20         1      1.07         0   1.05764
0.931834            -301.047             90879.1

#        20         1      1.07         0   1.04712
0.929282            -298.527             89377.4

#        20         1      1.07         0   1.03681
0.926351            -295.761             87746.6

#        20         1      1.07         0   1.02669
0.919084            -292.528               85917

#        20         1      1.07         0   1.01678
0.919742            -290.136             84482.7

#        20         1      1.07         0   1.00705
0.917725            -287.661             83053.6

#        20         1      1.07         0  0.997506
0.914279            -284.471               81240

#        20         1      1.07         0  0.988142
0.91078            -281.631             79652.3

#        20         1      1.07         0  0.978953
0.906267            -278.259               77790

#        20         1      1.07         0  0.969932
0.904591            -275.628             76322.2

#        20         1      1.07         0  0.961076
0.901074            -272.454             74595.3

#        20         1      1.07         0  0.952381
0.89758            -269.304               72902

#        20         1      1.07         0  0.943841
0.892727            -265.647             70977.4

#        20         1      1.07         0  0.935454
0.888616            -262.327             69238.4

#        20         1      1.07         0  0.927214
0.885486            -259.023             67520.6

#        20         1      1.07         0  0.919118
0.881828            -255.662             65804.7

#        20         1      1.07         0  0.911162
0.877741            -252.281             64110.1

#        20         1      1.07         0  0.903342
0.871988            -248.232             62110.5

#        20         1      1.07         0  0.895656
0.869165             -245.03             60529.1

#        20         1      1.07         0  0.888099
0.864656            -241.359               58762

#        20         1      1.07         0  0.880669
0.85884            -237.186             56801.3

#        20         1      1.07         0  0.873362
0.85469            -233.428             55046.4

#        20         1      1.07         0  0.866176
0.849681            -229.453             53217.9

#        20         1      1.07         0  0.859107
0.844904            -225.733             51546.7

#        20         1      1.07         0  0.852152
0.838331            -220.993               49458

#        20         1      1.07         0  0.845309
0.833817            -217.225             47824.2

#        20         1      1.07         0  0.838574
0.826813            -212.269             45722.9

#        20         1      1.07         0  0.831947
0.82139            -208.289             44078.3

#        20         1      1.07         0  0.825423
0.814645             -203.53             42150.1

#        20         1      1.07         0  0.819001
0.805691            -198.484             40179.2

#        20         1      1.07         0  0.812678
0.799173            -193.445               38226

#        20         1      1.07         0  0.806452
0.79217            -188.617             36406.8

#        20         1      1.07         0   0.80032
0.784508            -183.686             34603.1

#        20         1      1.07         0  0.794281
0.774493            -178.227             32687.3

#        20         1      1.07         0  0.788333
0.765723            -172.943             30864.1

#        20         1      1.07         0  0.782473
0.755156            -166.883               28851

#        20         1      1.07         0  0.776699
0.746976            -161.808             27207.8

#        20         1      1.07         0   0.77101
0.735518            -155.813             25349.5

#        20         1      1.07         0  0.765404
0.722677            -149.333             23441.1

#        20         1      1.07         0  0.759878
0.702704            -141.617             21336.9

#        20         1      1.07         0  0.754432
0.690405            -135.518             19675.4

#        20         1      1.07         0  0.749064
0.66593            -126.777             17513.6

#        20         1      1.07         0  0.743771
0.652848            -121.227             16152.3

#        20         1      1.07         0  0.738552
0.626609            -112.322             14180.4

#        20         1      1.07         0  0.733407
0.594957            -103.343               12350

#        20         1      1.07         0  0.728332
0.571897            -95.2243             10710.3

#        20         1      1.07         0  0.723327
0.548795            -87.8205             9384.37

#        20         1      1.07         0  0.718391
0.521605            -79.4528             7999.53

#        20         1      1.07         0  0.713521
0.478584            -68.9703             6469.68

#        20         1      1.07         0  0.708717
0.454506            -62.4634             5557.27

#        20         1      1.07         0  0.703977
0.429165            -55.1871              4646.3

#        20         1      1.07         0  0.699301
0.397817            -47.3671             3774.44

#        20         1      1.07         0  0.694686
0.377371            -41.4155             3167.75

#        20         1      1.07         0  0.690131
0.352656            -34.6809              2596.6

#        20         1      1.07         0  0.685636
0.321453            -27.3498             2010.49

#        20         1      1.07         0  0.681199
0.302245            -22.0325             1673.53

#        20         1      1.07         0  0.676819
0.284622            -16.6929             1416.41

#        20         1      1.07         0  0.672495
0.271313            -12.5123             1257.69

#        20         1      1.07         0  0.668226
0.253679             -7.6524             1086.75

#        20         1      1.07         0  0.664011
0.241795            -3.97336             1000.47

#        20         1      1.07         0  0.659848
0.238016            -0.68079             959.406

#        20         1      1.07         0  0.655738
0.222479             3.61094             922.878

#        20         1      1.07         0  0.651678
0.216516             7.11383              917.27

#        20         1      1.07         0  0.647668
0.206193             10.5548             939.204

#        20         1      1.07         0  0.643708
0.196959             13.5541             987.882

#        20         1      1.07         0  0.639795
0.189752             16.7592             1061.17

#        20         1      1.07         0   0.63593
0.182078             19.8615             1153.63

#        20         1      1.07         0  0.632111
0.174372             23.1437             1259.16

#        20         1      1.07         0  0.628338
0.169678             25.4717             1354.31

#        20         1      1.07         0   0.62461
0.16541             27.8623             1474.81

#        20         1      1.07         0  0.620925
0.159936             30.6367             1614.48

#        20         1      1.07         0  0.617284
0.154995             32.9217             1751.04

#        20         1      1.07         0  0.613685
0.150022             35.4125             1898.53

#        20         1      1.07         0  0.610128
0.147463             37.7153             2061.28

#        20         1      1.07         0  0.606612
0.141363             40.0343             2221.51

#        20         1      1.07         0  0.603136
0.139761             42.0399             2378.52

#        20         1      1.07         0    0.5997
0.135859             44.1759              2556.6

#        20         1      1.07         0  0.596303
0.132998             46.3079             2730.61

#        20         1      1.07         0  0.592944
0.129014             48.2406             2907.07

#        20         1      1.07         0  0.589623
0.129154             50.2246             3096.44

#        20         1      1.07         0  0.586338
0.125352             51.8927             3262.21

#        20         1      1.07         0   0.58309
0.122188             53.9677             3469.15

#        20         1      1.07         0  0.579878
0.120091              55.819             3667.17

#        20         1      1.07         0  0.576701
0.117705             57.3827             3834.33

#        20         1      1.07         0  0.573559
0.116142             58.9539             4016.77

#        20         1      1.07         0  0.570451
0.115111             60.7524             4218.27

#        20         1      1.07         0  0.567376
0.113293             62.2947             4399.38

#        20         1      1.07         0  0.564334
0.109624             64.0158             4615.51

#        20         1      1.07         0  0.561325
0.108132             65.6746             4824.78

#        20         1      1.07         0  0.558347
0.10731             66.7862             4967.63

#        20         1      1.07         0  0.555401
0.104952             68.5435             5201.57

#        20         1      1.07         0  0.552486
0.102973             70.0006             5399.98

#        20         1      1.07         0  0.549602
0.102825             71.4985             5603.94

#        20         1      1.07         0  0.546747
0.101036             72.7186             5774.14

#        20         1      1.07         0  0.543922
0.101079             73.9896             5957.86

#        20         1      1.07         0  0.541126
0.098857             75.5003             6179.14

#        20         1      1.07         0  0.538358
0.0980313              76.648             6350.26

#        20         1      1.07         0  0.535619
0.0965474             77.9056                6541

#        20         1      1.07         0  0.532907
0.09527              79.491             6787.78

#        20         1      1.07         0  0.530223
0.09416             80.5944              6962.3

#        20         1      1.07         0  0.527565
0.0938676             81.7704             7149.25

#        20         1      1.07         0  0.524934
0.0915582              82.935             7335.48

#        20         1      1.07         0   0.52233
0.0907079             84.2582              7552.5

#        20         1      1.07         0  0.519751
0.090114             85.3112             7730.92

#        20         1      1.07         0  0.517197
0.088967              86.588             7943.99

#        20         1      1.07         0  0.514668
0.0885631             87.6366             8124.29

#        20         1      1.07         0  0.512164
0.0876833             88.9638             8353.63

#        20         1      1.07         0  0.509684
0.086395             89.9463             8526.89

#        20         1      1.07         0  0.507228
0.0857706             90.9506             8708.29

#        20         1      1.07         0  0.504796
0.0852905             92.0095             8900.11

#        20         1      1.07         0  0.502386
0.0843226             92.9712             9076.53

#        20         1      1.07         0       0.5
0.0833736             94.0805             9278.57

