#    N    J    D    H   B
#     <|m|>       <E>    <E^2>

#        20         1      0.53         0        10
0.100147            -507.766              257835

#        20         1      0.53         0   9.13242
0.999238            -587.815              345545

#        20         1      0.53         0   8.40336
0.998037            -587.652              345367

#        20         1      0.53         0    7.7821
0.0999569            -507.977              258044

#        20         1      0.53         0   7.24638
0.599561            -507.956              258022

#        20         1      0.53         0   6.77966
0.999891            -587.962              345707

#        20         1      0.53         0   6.36943
0.999909            -587.966              345710

#        20         1      0.53         0   6.00601
0.999769            -587.941              345684

#        20         1      0.53         0   5.68182
0.199821            -507.927              257994

#        20         1      0.53         0   5.39084
0.99975            -587.938              345681

#        20         1      0.53         0   5.12821
0.999638            -587.929              345669

#        20         1      0.53         0   4.88998
0.99991            -587.972              345716

#        20         1      0.53         0    4.6729
0.999861             -587.96              345703

#        20         1      0.53         0   4.47427
0.99993            -587.973              345718

#        20         1      0.53         0   4.29185
0.999949            -587.978              345724

#        20         1      0.53         0   4.12371
0.999841            -587.956              345700

#        20         1      0.53         0   3.96825
0.256677            -507.523              257584

#        20         1      0.53         0   3.82409
0.999887            -587.964              345708

#        20         1      0.53         0   3.69004
0.999772            -587.938              345682

#        20         1      0.53         0   3.56506
0.999827            -587.952              345695

#        20         1      0.53         0   3.44828
0.999828            -587.942              345686

#        20         1      0.53         0    3.3389
0.319277            -506.611              256661

#        20         1      0.53         0   3.23625
0.999843            -587.947              345688

#        20         1      0.53         0   3.13972
0.999881            -587.945              345684

#        20         1      0.53         0   3.04878
0.999857            -587.931              345668

#        20         1      0.53         0   2.96296
0.49626            -538.143              291246

#        20         1      0.53         0   2.88184
0.664504            -553.014              307514

#        20         1      0.53         0   2.80505
0.999749             -587.87              345600

#        20         1      0.53         0   2.73224
0.999911            -587.886              345614

#        20         1      0.53         0   2.66312
0.999759            -587.828              345549

#        20         1      0.53         0    2.5974
0.999577            -587.771              345485

#        20         1      0.53         0   2.53485
0.888273            -574.344              330851

#        20         1      0.53         0   2.47525
0.999607            -587.697              345397

#        20         1      0.53         0   2.41838
0.999734            -587.669              345361

#        20         1      0.53         0   2.36407
0.981926            -585.681              343194

#        20         1      0.53         0   2.31214
0.999564            -587.506              345172

#        20         1      0.53         0   2.26244
0.972679             -584.33              341717

#        20         1      0.53         0   2.21484
0.974013            -584.127              341491

#        20         1      0.53         0    2.1692
0.999411            -587.222              344838

#        20         1      0.53         0    2.1254
0.999152             -587.05              344640

#        20         1      0.53         0   2.08333
0.999156            -586.941              344510

#        20         1      0.53         0    2.0429
0.992514            -585.843              343311

#        20         1      0.53         0   2.00401
0.998949            -586.629              344145

#        20         1      0.53         0   1.96657
0.998856            -586.449              343933

#        20         1      0.53         0    1.9305
0.961385            -581.382              338450

#        20         1      0.53         0   1.89573
0.997118            -585.746              343154

#        20         1      0.53         0    1.8622
0.998228            -585.746              343115

#        20         1      0.53         0   1.82983
0.997999            -585.456              342775

#        20         1      0.53         0   1.79856
0.971785             -581.79              338812

#        20         1      0.53         0   1.76835
0.997692            -584.868              342087

#        20         1      0.53         0   1.73913
0.997294            -584.511              341674

#        20         1      0.53         0   1.71086
0.996998             -584.13              341232

#        20         1      0.53         0    1.6835
0.9969            -583.781              340821

#        20         1      0.53         0     1.657
0.996574            -583.342              340311

#        20         1      0.53         0   1.63132
0.996246             -582.91              339808

#        20         1      0.53         0   1.60643
0.995581            -582.359              339175

#        20         1      0.53         0   1.58228
0.989143            -581.104              337791

#        20         1      0.53         0   1.55885
0.995004            -581.372              338025

#        20         1      0.53         0    1.5361
0.994609             -580.81              337375

#        20         1      0.53         0     1.514
0.981714            -578.493              334868

#        20         1      0.53         0   1.49254
0.985936            -578.559              334879

#        20         1      0.53         0   1.47167
0.99323            -578.928              335200

#        20         1      0.53         0   1.45138
0.990582            -578.004              334163

#        20         1      0.53         0   1.43164
0.990827            -577.333              333379

#        20         1      0.53         0   1.41243
0.991402            -576.762              332708

#        20         1      0.53         0   1.39373
0.991109            -575.991              331817

#        20         1      0.53         0   1.37552
0.990567             -575.21              330919

#        20         1      0.53         0   1.35777
0.979808            -573.059              328590

#        20         1      0.53         0   1.34048
0.989051            -573.417              328871

#        20         1      0.53         0   1.32363
0.988605            -572.563              327890

#        20         1      0.53         0   1.30719
0.987633            -571.562              326754

#        20         1      0.53         0   1.29116
0.986969            -570.566              325620

#        20         1      0.53         0   1.27551
0.983953             -569.21              324112

#        20         1      0.53         0   1.26024
0.985312            -568.465              323236

#        20         1      0.53         0   1.24533
0.983651            -567.242              321863

#        20         1      0.53         0   1.23077
0.980078            -565.593              320045

#        20         1      0.53         0   1.21655
0.982816            -564.987              319303

#        20         1      0.53         0   1.20265
0.981782            -563.704              317865

#        20         1      0.53         0   1.18906
0.979709            -562.274              316280

#        20         1      0.53         0   1.17578
0.979959            -561.217              315073

#        20         1      0.53         0   1.16279
0.978642            -559.789              313484

#        20         1      0.53         0   1.15009
0.977703            -558.388              311919

#        20         1      0.53         0   1.13766
0.976771            -557.073              310457

#        20         1      0.53         0   1.12549
0.975277            -555.387              308593

#        20         1      0.53         0   1.11359
0.974152            -553.945              306996

#        20         1      0.53         0   1.10193
0.973144            -552.381              305270

#        20         1      0.53         0   1.09051
0.969254            -550.418              303154

#        20         1      0.53         0   1.07933
0.967471             -548.71              301292

#        20         1      0.53         0   1.06838
0.967939            -547.292              299719

#        20         1      0.53         0   1.05764
0.967779            -545.769              298040

#        20         1      0.53         0   1.04712
0.96654            -543.929              296039

#        20         1      0.53         0   1.03681
0.964975            -542.086              294048

#        20         1      0.53         0   1.02669
0.963581            -540.366              292193

#        20         1      0.53         0   1.01678
0.955871            -537.429              289138

#        20         1      0.53         0   1.00705
0.960578            -536.428              287966

#        20         1      0.53         0  0.997506
0.957402            -534.288              285712

#        20         1      0.53         0  0.988142
0.957162            -532.335              283613

#        20         1      0.53         0  0.978953
0.953601             -530.01              281187

#        20         1      0.53         0  0.969932
0.953759             -528.02              279055

#        20         1      0.53         0  0.961076
0.951922            -525.982              276923

#        20         1      0.53         0  0.952381
0.946507            -523.125              273990

#        20         1      0.53         0  0.943841
0.947899            -521.348              272102

#        20         1      0.53         0  0.935454
0.946422            -519.099              269758

#        20         1      0.53         0  0.927214
0.944001            -516.647              267239

#        20         1      0.53         0  0.919118
0.942586            -514.441              264962

#        20         1      0.53         0  0.911162
0.940175            -511.774              262245

#        20         1      0.53         0  0.903342
0.93817            -509.203              259628

#        20         1      0.53         0  0.895656
0.935932            -506.547              256940

#        20         1      0.53         0  0.888099
0.932295            -503.674              254076

#        20         1      0.53         0  0.880669
0.931355            -501.194              251573

#        20         1      0.53         0  0.873362
0.929089            -498.598              248994

#        20         1      0.53         0  0.866176
0.92665            -495.794              246215

#        20         1      0.53         0  0.859107
0.923907            -492.928              243405

#        20         1      0.53         0  0.852152
0.921563            -489.944              240483

#        20         1      0.53         0  0.845309
0.91883            -486.943              237571

#        20         1      0.53         0  0.838574
0.915721            -483.675              234420

#        20         1      0.53         0  0.831947
0.913395            -480.823              231674

#        20         1      0.53         0  0.825423
0.910522            -477.592              228593

#        20         1      0.53         0  0.819001
0.905856            -473.988              225214

#        20         1      0.53         0  0.812678
0.904363            -470.928              222313

#        20         1      0.53         0  0.806452
0.901011            -467.536              219155

#        20         1      0.53         0   0.80032
0.897513            -463.966              215860

#        20         1      0.53         0  0.794281
0.894639            -460.619              212780

#        20         1      0.53         0  0.788333
0.890835            -456.812              209308

#        20         1      0.53         0  0.782473
0.887679            -453.321              206151

#        20         1      0.53         0  0.776699
0.883167            -449.418              202661

#        20         1      0.53         0   0.77101
0.878907            -445.273              198987

#        20         1      0.53         0  0.765404
0.87568            -441.489              195644

#        20         1      0.53         0  0.759878
0.872004            -437.685              192321

#        20         1      0.53         0  0.754432
0.866785            -433.259              188499

#        20         1      0.53         0  0.749064
0.862437            -428.879              184762

#        20         1      0.53         0  0.743771
0.858674            -424.945              181420

#        20         1      0.53         0  0.738552
0.853792            -420.626              177801

#        20         1      0.53         0  0.733407
0.848262            -415.769              173788

#        20         1      0.53         0  0.728332
0.842828            -410.867              169763

#        20         1      0.53         0  0.723327
0.837191            -406.153              165960

#        20         1      0.53         0  0.718391
0.831384            -401.415              162165

#        20         1      0.53         0  0.713521
0.825552            -396.403              158223

#        20         1      0.53         0  0.708717
0.819774            -391.258              154186

#        20         1      0.53         0  0.703977
0.810614            -385.188              149562

#        20         1      0.53         0  0.699301
0.804646            -380.222              145789

#        20         1      0.53         0  0.694686
0.796642            -374.502              141520

#        20         1      0.53         0  0.690131
0.788362            -368.753              137315

#        20         1      0.53         0  0.685636
0.778356             -361.96              132453

#        20         1      0.53         0  0.681199
0.768051            -355.865              128131

#        20         1      0.53         0  0.676819
0.756692            -348.896              123315

#        20         1      0.53         0  0.672495
0.748499            -343.193              119398

#        20         1      0.53         0  0.668226
0.729368             -334.74              113846

#        20         1      0.53         0  0.664011
0.71704            -327.641              109208

#        20         1      0.53         0  0.659848
0.698381            -319.315              103974

#        20         1      0.53         0  0.655738
0.687736            -312.809             99885.9

#        20         1      0.53         0  0.651678
0.664953            -303.595             94310.2

#        20         1      0.53         0  0.647668
0.64717             -295.43               89526

#        20         1      0.53         0  0.643708
0.618993             -285.35               83765

#        20         1      0.53         0  0.639795
0.592302             -276.24             78719.3

#        20         1      0.53         0   0.63593
0.568669            -267.188             73849.8

#        20         1      0.53         0  0.632111
0.547971            -259.073             69550.5

#        20         1      0.53         0  0.628338
0.49986            -246.541             63223.8

#        20         1      0.53         0   0.62461
0.48612            -240.328             60198.6

#        20         1      0.53         0  0.620925
0.456666            -230.911             55694.7

#        20         1      0.53         0  0.617284
0.431487            -222.577             51824.3

#        20         1      0.53         0  0.613685
0.403383            -214.498             48193.1

#        20         1      0.53         0  0.610128
0.37308            -205.593             44354.6

#        20         1      0.53         0  0.606612
0.354324            -199.702             41857.1

#        20         1      0.53         0  0.603136
0.331229            -192.293               38850

#        20         1      0.53         0    0.5997
0.313189            -186.028               36385

#        20         1      0.53         0  0.596303
0.297901             -180.52             34282.6

#        20         1      0.53         0  0.592944
0.285773            -175.347             32339.3

#        20         1      0.53         0  0.589623
0.264853            -169.168             30134.6

#        20         1      0.53         0  0.586338
0.263405            -165.403             28840.7

#        20         1      0.53         0   0.58309
0.237522            -158.928             26635.5

#        20         1      0.53         0  0.579878
0.231745            -155.914             25653.5

#        20         1      0.53         0  0.576701
0.215604             -150.88             24045.7

#        20         1      0.53         0  0.573559
0.213832            -147.639             23053.8

#        20         1      0.53         0  0.570451
0.20343            -143.472             21798.4

#        20         1      0.53         0  0.567376
0.194682            -139.649             20664.4

#        20         1      0.53         0  0.564334
0.19591            -137.066             19944.2

#        20         1      0.53         0  0.561325
0.18581            -132.942             18793.4

#        20         1      0.53         0  0.558347
0.181666            -130.003             17989.2

#        20         1      0.53         0  0.555401
0.17588             -127.06             17210.9

#        20         1      0.53         0  0.552486
0.173988            -124.171               16476

#        20         1      0.53         0  0.549602
0.162642            -120.735             15592.2

#        20         1      0.53         0  0.546747
0.159799            -117.947             14896.3

#        20         1      0.53         0  0.543922
0.15445            -114.802               14164

#        20         1      0.53         0  0.541126
0.151762            -112.542             13626.9

#        20         1      0.53         0  0.538358
0.147199            -109.838             12994.9

#        20         1      0.53         0  0.535619
0.145191            -107.333             12437.3

#        20         1      0.53         0  0.532907
0.141864            -104.823               11897

#        20         1      0.53         0  0.530223
0.139788            -102.421             11379.8

#        20         1      0.53         0  0.527565
0.134717            -100.195             10911.5

#        20         1      0.53         0  0.524934
0.133846            -97.7891             10440.6

#        20         1      0.53         0   0.52233
0.129447            -95.3993             9947.97

#        20         1      0.53         0  0.519751
0.127194            -93.2933              9538.3

#        20         1      0.53         0  0.517197
0.124844            -91.1666             9138.62

#        20         1      0.53         0  0.514668
0.123653            -89.0392             8740.76

#        20         1      0.53         0  0.512164
0.122124            -87.0515              8392.5

#        20         1      0.53         0  0.509684
0.118562            -85.3033              8079.5

#        20         1      0.53         0  0.507228
0.118117            -83.2628             7713.54

#        20         1      0.53         0  0.504796
0.114926            -81.2805              7374.4

#        20         1      0.53         0  0.502386
0.114366            -79.4076             7074.37

#        20         1      0.53         0       0.5
0.112277            -77.6453             6785.75

