#    N    J    D    H   B
#     <|m|>       <E>    <E^2>

#        20         1      1.69         0        10
0.199609            -71.4375             5109.54

#        20         1      1.69         0   9.13242
0.999843            -123.962             15371.2

#        20         1      1.69         0   8.40336
0.999061             -123.85               15351

#        20         1      1.69         0    7.7821
0.999685            -123.942             15366.1

#        20         1      1.69         0   7.24638
0.999893            -123.974             15372.7

#        20         1      1.69         0   6.77966
0.998587            -123.824             15345.7

#        20         1      1.69         0   6.36943
0.99962            -123.938             15366.6

#        20         1      1.69         0   6.00601
0.998911            -123.863             15352.9

#        20         1      1.69         0   5.68182
0.999335            -123.907             15361.1

#        20         1      1.69         0   5.39084
0.122483            -71.3843             5098.08

#        20         1      1.69         0   5.12821
0.999693            -123.945             15367.5

#        20         1      1.69         0   4.88998
0.379866            -78.4713             6494.35

#        20         1      1.69         0    4.6729
0.999847             -123.95             15368.2

#        20         1      1.69         0   4.47427
0.904315            -114.716               13570

#        20         1      1.69         0   4.29185
0.999437            -123.884             15354.3

#        20         1      1.69         0   4.12371
0.755927            -107.014             12083.6

#        20         1      1.69         0   3.96825
0.999558            -123.848             15344.1

#        20         1      1.69         0   3.82409
0.999204            -123.788               15331

#        20         1      1.69         0   3.69004
0.685113            -101.845             11117.6

#        20         1      1.69         0   3.56506
0.98937            -122.727             15121.8

#        20         1      1.69         0   3.44828
0.999314            -123.617             15287.7

#        20         1      1.69         0    3.3389
0.999472            -123.554             15269.5

#        20         1      1.69         0   3.23625
0.998963            -123.393             15232.7

#        20         1      1.69         0   3.13972
0.998969            -123.265             15202.1

#        20         1      1.69         0   3.04878
0.998875            -123.111             15163.1

#        20         1      1.69         0   2.96296
0.998494            -122.907             15114.4

#        20         1      1.69         0   2.88184
0.998218            -122.674             15057.7

#        20         1      1.69         0   2.80505
0.998156            -122.443             14999.8

#        20         1      1.69         0   2.73224
0.997808            -122.137               14926

#        20         1      1.69         0   2.66312
0.997038            -121.781             14843.1

#        20         1      1.69         0    2.5974
0.996712            -121.399             14751.3

#        20         1      1.69         0   2.53485
0.996487            -121.026             14658.2

#        20         1      1.69         0   2.47525
0.995717             -120.53             14542.2

#        20         1      1.69         0   2.41838
0.992397            -119.771             14378.8

#        20         1      1.69         0   2.36407
0.994697            -119.459             14285.9

#        20         1      1.69         0   2.31214
0.983915            -117.989             13996.9

#        20         1      1.69         0   2.26244
0.993279            -118.178             13984.1

#        20         1      1.69         0   2.21484
0.992281            -117.415             13807.8

#        20         1      1.69         0    2.1692
0.991292            -116.607             13621.5

#        20         1      1.69         0    2.1254
0.990254            -115.767             13428.4

#        20         1      1.69         0   2.08333
0.989277            -114.874             13223.8

#        20         1      1.69         0    2.0429
0.984708            -113.506             12937.9

#        20         1      1.69         0   2.00401
0.986354            -112.697             12736.7

#        20         1      1.69         0   1.96657
0.985181            -111.609             12494.5

#        20         1      1.69         0    1.9305
0.981673            -110.225             12204.4

#        20         1      1.69         0   1.89573
0.980713            -108.972             11929.4

#        20         1      1.69         0    1.8622
0.980392            -107.732             11653.6

#        20         1      1.69         0   1.82983
0.978551             -106.25             11340.1

#        20         1      1.69         0   1.79856
0.974808            -104.502             10989.1

#        20         1      1.69         0   1.76835
0.974524            -103.178             10705.1

#        20         1      1.69         0   1.73913
0.972318            -101.447             10355.8

#        20         1      1.69         0   1.71086
0.965838            -99.3618             9972.32

#        20         1      1.69         0    1.6835
0.967236            -97.7686             9635.82

#        20         1      1.69         0     1.657
0.963838            -95.8261             9274.03

#        20         1      1.69         0   1.63132
0.961576            -93.7437             8877.83

#        20         1      1.69         0   1.60643
0.95896            -91.7249             8508.24

#        20         1      1.69         0   1.58228
0.952332            -89.0695             8059.49

#        20         1      1.69         0   1.55885
0.952292            -87.0946             7694.06

#        20         1      1.69         0    1.5361
0.948929            -84.7442             7296.58

#        20         1      1.69         0     1.514
0.945218            -82.2192             6881.03

#        20         1      1.69         0   1.49254
0.941308            -79.6545             6475.39

#        20         1      1.69         0   1.47167
0.937122            -76.8961             6052.15

#        20         1      1.69         0   1.45138
0.933219            -74.1758             5646.88

#        20         1      1.69         0   1.43164
0.928855            -71.4284             5255.85

#        20         1      1.69         0   1.41243
0.924119            -68.4365             4844.94

#        20         1      1.69         0   1.39373
0.916706            -65.0829             4427.89

#        20         1      1.69         0   1.37552
0.914482            -62.3461             4065.48

#        20         1      1.69         0   1.35777
0.909233            -59.2044             3693.86

#        20         1      1.69         0   1.34048
0.903582            -55.8386             3316.93

#        20         1      1.69         0   1.32363
0.8977            -52.3315              2947.2

#        20         1      1.69         0   1.30719
0.891951            -49.0137             2621.58

#        20         1      1.69         0   1.29116
0.88532            -45.2896             2282.34

#        20         1      1.69         0   1.27551
0.879123            -41.8978              1996.9

#        20         1      1.69         0   1.26024
0.872562            -38.2108             1707.92

#        20         1      1.69         0   1.24533
0.864375            -34.1772             1436.92

#        20         1      1.69         0   1.23077
0.857866            -30.4354             1200.84

#        20         1      1.69         0   1.21655
0.850537            -26.6795             997.105

#        20         1      1.69         0   1.20265
0.842871            -22.7212             813.426

#        20         1      1.69         0   1.18906
0.834321            -18.5157             649.985

#        20         1      1.69         0   1.17578
0.825753            -14.3741             527.468

#        20         1      1.69         0   1.16279
0.816484            -10.0427             437.756

#        20         1      1.69         0   1.15009
0.807129            -5.78504             386.624

#        20         1      1.69         0   1.13766
0.797809            -1.51486             367.607

#        20         1      1.69         0   1.12549
0.786903             3.13435             391.112

#        20         1      1.69         0   1.11359
0.775837             7.91723             458.446

#        20         1      1.69         0   1.10193
0.764817             12.3689             564.054

#        20         1      1.69         0   1.09051
0.752837             17.1052             721.871

#        20         1      1.69         0   1.07933
0.739362             22.1272             943.658

#        20         1      1.69         0   1.06838
0.725949             27.1829             1208.73

#        20         1      1.69         0   1.05764
0.709588             32.2408             1550.76

#        20         1      1.69         0   1.04712
0.693708             37.8134             1945.54

#        20         1      1.69         0   1.03681
0.672367             43.5879              2466.3

#        20         1      1.69         0   1.02669
0.654798             49.0273             2985.56

#        20         1      1.69         0   1.01678
0.622197             55.9565             3782.29

#        20         1      1.69         0   1.00705
0.605517             61.1486              4384.1

#        20         1      1.69         0  0.997506
0.575297             67.8953             5277.87

#        20         1      1.69         0  0.988142
0.544741             74.3145             6215.59

#        20         1      1.69         0  0.978953
0.510137             80.9117             7255.94

#        20         1      1.69         0  0.969932
0.479254             86.9276             8246.31

#        20         1      1.69         0  0.961076
0.443069             92.9961             9324.72

#        20         1      1.69         0  0.952381
0.412557             98.7534             10404.6

#        20         1      1.69         0  0.943841
0.378979             104.412               11526

#        20         1      1.69         0  0.935454
0.354742             109.194               12503

#        20         1      1.69         0  0.927214
0.325388             113.741             13485.4

#        20         1      1.69         0  0.919118
0.30421             117.941             14414.6

#        20         1      1.69         0  0.911162
0.283995             121.634             15277.9

#        20         1      1.69         0  0.903342
0.262739             125.588             16215.9

#        20         1      1.69         0  0.895656
0.245418             128.935             17031.8

#        20         1      1.69         0  0.888099
0.232689             131.853             17774.4

#        20         1      1.69         0  0.880669
0.216333             134.639             18492.8

#        20         1      1.69         0  0.873362
0.213207             136.771             19070.7

#        20         1      1.69         0  0.866176
0.197943             139.728             19862.1

#        20         1      1.69         0  0.859107
0.19092             141.894             20463.7

#        20         1      1.69         0  0.852152
0.179024             144.384             21163.7

#        20         1      1.69         0  0.845309
0.173424              146.54             21782.7

#        20         1      1.69         0  0.838574
0.165712              148.46             22344.1

#        20         1      1.69         0  0.831947
0.159684             150.629             22985.3

#        20         1      1.69         0  0.825423
0.156477             152.381             23507.6

#        20         1      1.69         0  0.819001
0.152168             153.989             23998.4

#        20         1      1.69         0  0.812678
0.147428              155.91             24590.2

#        20         1      1.69         0  0.806452
0.138775             157.882             25200.8

#        20         1      1.69         0   0.80032
0.138584             159.356               25669

#        20         1      1.69         0  0.794281
0.133445             161.098             26221.7

#        20         1      1.69         0  0.788333
0.129726              162.79             26768.7

#        20         1      1.69         0  0.782473
0.127683             164.129             27203.7

#        20         1      1.69         0  0.776699
0.123924              165.86             27772.1

#        20         1      1.69         0   0.77101
0.121729             167.105             28185.6

#        20         1      1.69         0  0.765404
0.118836             168.748             28735.9

#        20         1      1.69         0  0.759878
0.117511             170.128             29200.8

#        20         1      1.69         0  0.754432
0.11462             171.591             29700.7

#        20         1      1.69         0  0.749064
0.113038             172.936             30164.7

#        20         1      1.69         0  0.743771
0.109143              174.32             30643.4

#        20         1      1.69         0  0.738552
0.107894              175.65             31107.6

#        20         1      1.69         0  0.733407
0.107363             176.947             31564.6

#        20         1      1.69         0  0.728332
0.103889             178.336             32056.9

#        20         1      1.69         0  0.723327
0.101244             179.601             32508.8

#        20         1      1.69         0  0.718391
0.100741             180.759             32926.2

#        20         1      1.69         0  0.713521
0.100605             182.011               33381

#        20         1      1.69         0  0.708717
0.0993974             183.142             33793.4

#        20         1      1.69         0  0.703977
0.0976567             184.351             34239.6

#        20         1      1.69         0  0.699301
0.0963911             185.591               34698

#        20         1      1.69         0  0.694686
0.0944453             186.822             35155.3

#        20         1      1.69         0  0.690131
0.0933635              187.92             35566.3

#        20         1      1.69         0  0.685636
0.0925726              189.01             35978.7

#        20         1      1.69         0  0.681199
0.0912463              190.18             36422.8

#        20         1      1.69         0  0.676819
0.0895338             191.321             36857.8

#        20         1      1.69         0  0.672495
0.0892687             192.365             37258.7

#        20         1      1.69         0  0.668226
0.0885074             193.482             37689.5

#        20         1      1.69         0  0.664011
0.0867252             194.617             38129.9

#        20         1      1.69         0  0.659848
0.0866267               195.6             38514.6

#        20         1      1.69         0  0.655738
0.0852877             196.647             38926.8

#        20         1      1.69         0  0.651678
0.0845685             197.712             39346.5

#        20         1      1.69         0  0.647668
0.0833553             198.663             39725.2

#        20         1      1.69         0  0.643708
0.0826322             199.641             40114.7

#        20         1      1.69         0  0.639795
0.0817077             200.815               40585

#        20         1      1.69         0   0.63593
0.0814231             201.709             40945.3

#        20         1      1.69         0  0.632111
0.0807653             202.807             41390.1

#        20         1      1.69         0  0.628338
0.0801973             203.698             41752.4

#        20         1      1.69         0   0.62461
0.0793719             204.677             42153.2

#        20         1      1.69         0  0.620925
0.0783389             205.675               42563

#        20         1      1.69         0  0.617284
0.0779137             206.648             42966.2

#        20         1      1.69         0  0.613685
0.0767029             207.594             43356.6

#        20         1      1.69         0  0.610128
0.0767105             208.481             43727.9

#        20         1      1.69         0  0.606612
0.0762729             209.454             44136.6

#        20         1      1.69         0  0.603136
0.0756681              210.32             44497.3

#        20         1      1.69         0    0.5997
0.0751049             211.316             44920.6

#        20         1      1.69         0  0.596303
0.0749522             212.185             45288.8

#        20         1      1.69         0  0.592944
0.0737375             213.027             45645.7

#        20         1      1.69         0  0.589623
0.0740671             213.856             46001.7

#        20         1      1.69         0  0.586338
0.0728955             214.773             46393.8

#        20         1      1.69         0   0.58309
0.0724494             215.636             46768.4

#        20         1      1.69         0  0.579878
0.071894             216.626             47196.1

#        20         1      1.69         0  0.576701
0.0719602              217.41             47538.4

#        20         1      1.69         0  0.573559
0.0708958             218.224             47893.3

#        20         1      1.69         0  0.570451
0.0706001             219.139             48292.8

#        20         1      1.69         0  0.567376
0.0710213             219.937             48646.1

#        20         1      1.69         0  0.564334
0.0700253             220.777             49015.9

#        20         1      1.69         0  0.561325
0.069833              221.59             49375.6

#        20         1      1.69         0  0.558347
0.0690501             222.364             49720.5

#        20         1      1.69         0  0.555401
0.0686429             223.234             50110.6

#        20         1      1.69         0  0.552486
0.0678925             224.115             50504.7

#        20         1      1.69         0  0.549602
0.0677191             224.908             50860.5

#        20         1      1.69         0  0.546747
0.067849              225.66               51201

#        20         1      1.69         0  0.543922
0.0666712              226.41               51541

#        20         1      1.69         0  0.541126
0.0668014              227.29             51941.3

#        20         1      1.69         0  0.538358
0.0664035             227.876             52208.6

#        20         1      1.69         0  0.535619
0.0662527             228.771             52617.5

#        20         1      1.69         0  0.532907
0.065545             229.494             52947.7

#        20         1      1.69         0  0.530223
0.0652972             230.385             53359.9

#        20         1      1.69         0  0.527565
0.0652817             230.985             53638.7

#        20         1      1.69         0  0.524934
0.0651578              231.74             53988.2

#        20         1      1.69         0   0.52233
0.0646044             232.498             54340.8

#        20         1      1.69         0  0.519751
0.0642308             233.223             54679.8

#        20         1      1.69         0  0.517197
0.063612             234.034             55058.8

#        20         1      1.69         0  0.514668
0.0638241             234.745             55394.9

#        20         1      1.69         0  0.512164
0.0634065             235.454             55726.4

#        20         1      1.69         0  0.509684
0.0632682             236.102             56033.6

#        20         1      1.69         0  0.507228
0.0630461             236.831               56380

#        20         1      1.69         0  0.504796
0.0620811             237.598             56745.1

#        20         1      1.69         0  0.502386
0.0620852             238.232             57045.5

#        20         1      1.69         0       0.5
0.0617251             238.951             57390.3

