#    N    J    D    H   B
#     <|m|>       <E>    <E^2>

#        20         1      1.81         0        10
0.998253            -75.7369             5749.36

#        20         1      1.81         0   9.13242
0.993632            -75.2176             5714.28

#        20         1      1.81         0   8.40336
0.999444            -75.9292             5770.57

#        20         1      1.81         0    7.7821
0.999095            -75.8734             5767.08

#        20         1      1.81         0   7.24638
0.99926             -75.899              5767.8

#        20         1      1.81         0   6.77966
0.998935            -75.8651             5765.48

#        20         1      1.81         0   6.36943
0.999813            -75.9665             5774.63

#        20         1      1.81         0   6.00601
0.999698            -75.9527             5773.42

#        20         1      1.81         0   5.68182
0.999366            -75.9217             5769.71

#        20         1      1.81         0   5.39084
0.999343             -75.912             5769.82

#        20         1      1.81         0   5.12821
0.179229            -27.8736             779.264

#        20         1      1.81         0   4.88998
0.999409            -75.9067             5768.82

#        20         1      1.81         0    4.6729
0.999828            -75.9442             5770.63

#        20         1      1.81         0   4.47427
0.999771             -75.919             5767.47

#        20         1      1.81         0   4.29185
0.999752            -75.8955             5763.74

#        20         1      1.81         0   4.12371
0.999689            -75.8618             5758.36

#        20         1      1.81         0   3.96825
0.999106            -75.7733             5748.06

#        20         1      1.81         0   3.82409
0.999505             -75.758             5743.49

#        20         1      1.81         0   3.69004
0.999373            -75.6768             5732.39

#        20         1      1.81         0   3.56506
0.999484            -75.6054             5719.39

#        20         1      1.81         0   3.44828
0.999333            -75.4934             5702.96

#        20         1      1.81         0    3.3389
0.999024            -75.3457             5682.75

#        20         1      1.81         0   3.23625
0.998782            -75.1696              5656.9

#        20         1      1.81         0   3.13972
0.998586            -74.9799             5628.82

#        20         1      1.81         0   3.04878
0.998232            -74.7439             5594.68

#        20         1      1.81         0   2.96296
0.998031            -74.4988             5558.09

#        20         1      1.81         0   2.88184
0.997861            -74.2474             5519.43

#        20         1      1.81         0   2.80505
0.997047            -73.8362             5462.82

#        20         1      1.81         0   2.73224
0.996898            -73.4852              5409.2

#        20         1      1.81         0   2.66312
0.996232            -73.0388              5346.4

#        20         1      1.81         0    2.5974
0.995575            -72.5443             5275.75

#        20         1      1.81         0   2.53485
0.993528            -71.8566             5184.87

#        20         1      1.81         0   2.47525
0.99393             -71.354             5109.27

#        20         1      1.81         0   2.41838
0.993492            -70.7339              5019.7

#        20         1      1.81         0   2.36407
0.992575             -70.033             4922.24

#        20         1      1.81         0   2.31214
0.991349            -69.1563              4804.9

#        20         1      1.81         0   2.26244
0.990476             -68.364             4695.61

#        20         1      1.81         0   2.21484
0.989042            -67.3436             4560.91

#        20         1      1.81         0    2.1692
0.987741            -66.3466              4430.3

#        20         1      1.81         0    2.1254
0.986461            -65.2973             4293.63

#        20         1      1.81         0   2.08333
0.984577            -64.0559             4138.68

#        20         1      1.81         0    2.0429
0.982871            -62.7334             3973.45

#        20         1      1.81         0   2.00401
0.980119             -61.275             3803.13

#        20         1      1.81         0   1.96657
0.979249            -60.0346             3647.51

#        20         1      1.81         0    1.9305
0.976797            -58.3756             3457.69

#        20         1      1.81         0   1.89573
0.974439            -56.7155             3269.94

#        20         1      1.81         0    1.8622
0.972004            -55.0103              3085.2

#        20         1      1.81         0   1.82983
0.968958            -53.0626             2881.41

#        20         1      1.81         0   1.79856
0.966031            -51.1267             2684.05

#        20         1      1.81         0   1.76835
0.963075            -49.0517             2480.46

#        20         1      1.81         0   1.73913
0.959231            -46.8632             2283.02

#        20         1      1.81         0   1.71086
0.956093            -44.6017             2078.09

#        20         1      1.81         0    1.6835
0.951928            -42.0879             1869.12

#        20         1      1.81         0     1.657
0.947901            -39.5001             1663.94

#        20         1      1.81         0   1.63132
0.943618            -36.9186             1473.54

#        20         1      1.81         0   1.60643
0.939015            -34.1942             1287.21

#        20         1      1.81         0   1.58228
0.933396            -31.1845             1103.32

#        20         1      1.81         0   1.55885
0.928352            -28.1118             926.712

#        20         1      1.81         0    1.5361
0.921691            -24.9208             774.633

#        20         1      1.81         0     1.514
0.916372            -21.7634             633.131

#        20         1      1.81         0   1.49254
0.910324            -18.4392             507.298

#        20         1      1.81         0   1.47167
0.902796            -14.6515             395.397

#        20         1      1.81         0   1.45138
0.896117            -11.1846             313.603

#        20         1      1.81         0   1.43164
0.888667            -7.48224             255.108

#        20         1      1.81         0   1.41243
0.87971            -3.44626             225.064

#        20         1      1.81         0   1.39373
0.871518            0.516987             223.338

#        20         1      1.81         0   1.37552
0.862271             4.64557             260.008

#        20         1      1.81         0   1.35777
0.852751             8.88441             327.001

#        20         1      1.81         0   1.34048
0.841349             13.4201             448.077

#        20         1      1.81         0   1.32363
0.831338             17.8021             594.028

#        20         1      1.81         0   1.30719
0.820852             21.9509             769.698

#        20         1      1.81         0   1.29116
0.808438             26.7385             1015.84

#        20         1      1.81         0   1.27551
0.795369             31.5963             1312.13

#        20         1      1.81         0   1.26024
0.781621             36.5178             1664.21

#        20         1      1.81         0   1.24533
0.765454             41.7814             2095.32

#        20         1      1.81         0   1.23077
0.751814             46.3855              2516.3

#        20         1      1.81         0   1.21655
0.732627              52.028             3093.01

#        20         1      1.81         0   1.20265
0.715231             57.3888             3691.64

#        20         1      1.81         0   1.18906
0.69404             62.8283             4369.77

#        20         1      1.81         0   1.17578
0.675751             67.9319             5041.69

#        20         1      1.81         0   1.16279
0.645959              74.397             5999.49

#        20         1      1.81         0   1.15009
0.610169             81.4682             7138.45

#        20         1      1.81         0   1.13766
0.583613             86.6595             8018.53

#        20         1      1.81         0   1.12549
0.548274             93.0824             9193.37

#        20         1      1.81         0   1.11359
0.51016             99.6141             10436.9

#        20         1      1.81         0   1.10193
0.475124              105.34             11604.3

#        20         1      1.81         0   1.09051
0.444527             110.308             12660.2

#        20         1      1.81         0   1.07933
0.406849             116.065             13927.9

#        20         1      1.81         0   1.06838
0.374755             120.948             15062.1

#        20         1      1.81         0   1.05764
0.341744             125.293             16101.7

#        20         1      1.81         0   1.04712
0.308749             129.958             17251.3

#        20         1      1.81         0   1.03681
0.296155             132.774               17978

#        20         1      1.81         0   1.02669
0.267818             136.481             18949.2

#        20         1      1.81         0   1.01678
0.250878             139.762             19825.4

#        20         1      1.81         0   1.00705
0.237884             142.073             20469.5

#        20         1      1.81         0  0.997506
0.221503             145.104             21322.3

#        20         1      1.81         0  0.988142
0.206477             147.459               21997

#        20         1      1.81         0  0.978953
0.202014             149.574             22615.7

#        20         1      1.81         0  0.969932
0.187209             152.024             23348.5

#        20         1      1.81         0  0.961076
0.180815              154.03             23951.8

#        20         1      1.81         0  0.952381
0.173281             155.897             24529.9

#        20         1      1.81         0  0.943841
0.16306             157.772             25109.6

#        20         1      1.81         0  0.935454
0.159383             159.507             25658.5

#        20         1      1.81         0  0.927214
0.156466             161.188             26195.7

#        20         1      1.81         0  0.919118
0.150146             163.096               26810

#        20         1      1.81         0  0.911162
0.145775             164.571             27293.1

#        20         1      1.81         0  0.903342
0.138032              166.44             27909.3

#        20         1      1.81         0  0.895656
0.137862             167.841             28379.2

#        20         1      1.81         0  0.888099
0.132543             169.376             28892.5

#        20         1      1.81         0  0.880669
0.130466             171.003             29446.1

#        20         1      1.81         0  0.873362
0.124709             172.498             29958.4

#        20         1      1.81         0  0.866176
0.122115             174.088             30508.8

#        20         1      1.81         0  0.859107
0.121271             175.383             30962.5

#        20         1      1.81         0  0.852152
0.117519             176.795             31458.9

#        20         1      1.81         0  0.845309
0.115986              178.22             31964.2

#        20         1      1.81         0  0.838574
0.113737             179.478             32415.5

#        20         1      1.81         0  0.831947
0.110591             181.088             32995.9

#        20         1      1.81         0  0.825423
0.110633             182.102             33366.3

#        20         1      1.81         0  0.819001
0.107208             183.444             33857.5

#        20         1      1.81         0  0.812678
0.104337             184.919             34399.1

#        20         1      1.81         0  0.806452
0.103571             186.102             34841.2

#        20         1      1.81         0   0.80032
0.101947             187.483             35356.5

#        20         1      1.81         0  0.794281
0.10032             188.622             35784.7

#        20         1      1.81         0  0.788333
0.0997078              189.92             36276.8

#        20         1      1.81         0  0.782473
0.0973725             191.115             36732.9

#        20         1      1.81         0  0.776699
0.0959804             192.285             37183.4

#        20         1      1.81         0   0.77101
0.0949315             193.473             37645.7

#        20         1      1.81         0  0.765404
0.0939362             194.716             38125.4

#        20         1      1.81         0  0.759878
0.0930735             195.758             38534.4

#        20         1      1.81         0  0.754432
0.0909577             197.021               39031

#        20         1      1.81         0  0.749064
0.0909684             198.156               39481

#        20         1      1.81         0  0.743771
0.0885681             199.302             39937.2

#        20         1      1.81         0  0.738552
0.0892305             200.384             40370.8

#        20         1      1.81         0  0.733407
0.0880212             201.519             40826.9

#        20         1      1.81         0  0.728332
0.0871058             202.634             41281.2

#        20         1      1.81         0  0.723327
0.0851734             203.807             41757.4

#        20         1      1.81         0  0.718391
0.0843651             204.794             42160.3

#        20         1      1.81         0  0.713521
0.0833643             206.022             42667.6

#        20         1      1.81         0  0.708717
0.0834727             206.943               43049

#        20         1      1.81         0  0.703977
0.0820939             208.054             43510.8

#        20         1      1.81         0  0.699301
0.0814833             209.191             43986.5

#        20         1      1.81         0  0.694686
0.0806265             210.185             44405.2

#        20         1      1.81         0  0.690131
0.0803421              211.18             44825.3

#        20         1      1.81         0  0.685636
0.0787135             212.304             45302.3

#        20         1      1.81         0  0.681199
0.0778766             213.294             45725.2

#        20         1      1.81         0  0.676819
0.078484             214.271             46143.9

#        20         1      1.81         0  0.672495
0.0777961             215.214             46549.5

#        20         1      1.81         0  0.668226
0.0773594             216.184             46970.7

#        20         1      1.81         0  0.664011
0.0768403             217.165             47397.5

#        20         1      1.81         0  0.659848
0.0763894             218.206             47851.7

#        20         1      1.81         0  0.655738
0.0743289             219.307             48333.2

#        20         1      1.81         0  0.651678
0.0747562             220.222             48736.7

#        20         1      1.81         0  0.647668
0.0739958              221.23             49183.3

#        20         1      1.81         0  0.643708
0.0734799             222.195               49612

#        20         1      1.81         0  0.639795
0.0733609             223.031             49987.5

#        20         1      1.81         0   0.63593
0.0726994             223.911             50379.9

#        20         1      1.81         0  0.632111
0.0722304             224.849             50801.3

#        20         1      1.81         0  0.628338
0.0713697             225.774             51219.7

#        20         1      1.81         0   0.62461
0.0711304             226.757             51666.8

#        20         1      1.81         0  0.620925
0.0712172             227.584             52044.2

#        20         1      1.81         0  0.617284
0.0706394             228.533             52477.5

#        20         1      1.81         0  0.613685
0.0700962             229.376             52865.3

#        20         1      1.81         0  0.610128
0.0693985             230.431             53351.7

#        20         1      1.81         0  0.606612
0.0694547             231.256             53733.4

#        20         1      1.81         0  0.603136
0.0684287             232.243             54192.2

#        20         1      1.81         0    0.5997
0.0679895             232.999             54543.6

#        20         1      1.81         0  0.596303
0.0676075             233.823             54930.2

#        20         1      1.81         0  0.592944
0.0676886             234.716             55350.5

#        20         1      1.81         0  0.589623
0.0677254             235.625             55779.7

#        20         1      1.81         0  0.586338
0.0673011              236.54             56210.4

#        20         1      1.81         0   0.58309
0.0665842             237.334             56588.8

#        20         1      1.81         0  0.579878
0.0662498              238.27               57035

#        20         1      1.81         0  0.576701
0.0657995             238.987             57377.1

#        20         1      1.81         0  0.573559
0.0651455              239.79             57764.6

#        20         1      1.81         0  0.570451
0.0657995             240.719             58211.9

#        20         1      1.81         0  0.567376
0.0648925             241.507             58593.1

#        20         1      1.81         0  0.564334
0.0650657             242.378             59016.8

#        20         1      1.81         0  0.561325
0.0641109             243.074             59355.2

#        20         1      1.81         0  0.558347
0.0642114             243.902             59759.1

#        20         1      1.81         0  0.555401
0.0635326             244.741             60170.5

#        20         1      1.81         0  0.552486
0.0634394             245.466             60526.5

#        20         1      1.81         0  0.549602
0.0631108             246.215             60896.1

#        20         1      1.81         0  0.546747
0.0632159             246.961             61265.2

#        20         1      1.81         0  0.543922
0.0624636             247.898             61729.2

#        20         1      1.81         0  0.541126
0.0624633             248.663             62111.2

#        20         1      1.81         0  0.538358
0.0623008             249.459             62508.2

#        20         1      1.81         0  0.535619
0.0618573             250.185             62872.5

#        20         1      1.81         0  0.532907
0.0615821             250.927             63245.5

#        20         1      1.81         0  0.530223
0.0613247             251.705             63637.1

#        20         1      1.81         0  0.527565
0.0615906             252.413             63994.3

#        20         1      1.81         0  0.524934
0.0607001             253.158             64373.7

#        20         1      1.81         0   0.52233
0.0607415             253.937             64769.4

#        20         1      1.81         0  0.519751
0.0603094             254.635             65125.6

#        20         1      1.81         0  0.517197
0.0601523             255.405             65519.6

#        20         1      1.81         0  0.514668
0.0600226             256.045             65847.5

#        20         1      1.81         0  0.512164
0.0597331             256.772             66221.3

#        20         1      1.81         0  0.509684
0.059505             257.547             66621.1

#        20         1      1.81         0  0.507228
0.059569             258.289             67005.1

#        20         1      1.81         0  0.504796
0.0591276             258.939             67340.4

#        20         1      1.81         0  0.502386
0.0586131             259.676               67725

#        20         1      1.81         0       0.5
0.0588554             260.452             68131.3

