#    N    J    D    H   B
#     <|m|>       <E>    <E^2>

#        20         1      2.18         0        10
1.49402e-06          0.00410491            0.926918

#        20         1      2.18         0   9.13242
4.31175e-07          0.00489097             1.32913

#        20         1      2.18         0   8.40336
4.62775e-07          0.00423928            0.985531

#        20         1      2.18         0    7.7821
1.05642e-06          0.00505578             1.13054

#        20         1      2.18         0   7.24638
2.15497e-06          0.00484486             1.12348

#        20         1      2.18         0   6.77966
1.3401e-06          0.00501853             1.01863

#        20         1      2.18         0   6.36943
4.82005e-06          0.00671115             1.26539

#        20         1      2.18         0   6.00601
5.53528e-06          0.00932781              1.1833

#        20         1      2.18         0   5.68182
7.83475e-06           0.0106459             1.09935

#        20         1      2.18         0   5.39084
1.8316e-05            0.018259              1.2598

#        20         1      2.18         0   5.12821
2.75012e-05           0.0278691             1.20674

#        20         1      2.18         0   4.88998
4.57487e-05           0.0439939             1.25326

#        20         1      2.18         0    4.6729
7.34827e-05           0.0686664             1.34548

#        20         1      2.18         0   4.47427
0.000117559            0.109096             1.70686

#        20         1      2.18         0   4.29185
0.000173334            0.158694             1.53575

#        20         1      2.18         0   4.12371
0.000249392            0.231467             1.85577

#        20         1      2.18         0   3.96825
0.000339905            0.317959             1.97169

#        20         1      2.18         0   3.82409
0.000456066              0.4341             2.46226

#        20         1      2.18         0   3.69004
0.000597509            0.584126             2.82348

#        20         1      2.18         0   3.56506
0.000765731            0.774914             3.70827

#        20         1      2.18         0   3.44828
0.000954077            0.992235             4.19666

#        20         1      2.18         0    3.3389
0.00118497             1.29506              5.6684

#        20         1      2.18         0   3.23625
0.00141972             1.61729             7.62667

#        20         1      2.18         0   3.13972
0.00166444             1.99213             9.73772

#        20         1      2.18         0   3.04878
0.00193788               2.458             12.6835

#        20         1      2.18         0   2.96296
0.0022263             2.98831             17.0773

#        20         1      2.18         0   2.88184
0.00250866             3.54643             21.8452

#        20         1      2.18         0   2.80505
0.00282872             4.25724             28.8977

#        20         1      2.18         0   2.73224
0.00316194             5.06245             38.6115

#        20         1      2.18         0   2.66312
0.00349309             5.89339              49.348

#        20         1      2.18         0    2.5974
0.00386042             6.88959             64.3468

#        20         1      2.18         0   2.53485
0.00422022             7.93219             82.6328

#        20         1      2.18         0   2.47525
0.0046211             9.12789             105.556

#        20         1      2.18         0   2.41838
0.0049979             10.3649             132.747

#        20         1      2.18         0   2.36407
0.00547296             11.8225             168.233

#        20         1      2.18         0   2.31214
0.00589452             13.2942              208.73

#        20         1      2.18         0   2.26244
0.00636769             14.9488             259.494

#        20         1      2.18         0   2.21484
0.00684805             16.6851             318.509

#        20         1      2.18         0    2.1692
0.00733887             18.5202             387.305

#        20         1      2.18         0    2.1254
0.00788599             20.6144             474.518

#        20         1      2.18         0   2.08333
0.00844822             22.6944             569.041

#        20         1      2.18         0    2.0429
0.00901225             24.9846             684.057

#        20         1      2.18         0   2.00401
0.00969234             27.3676             813.824

#        20         1      2.18         0   1.96657
0.010303             29.7888             958.042

#        20         1      2.18         0    1.9305
0.010996             32.4233             1127.19

#        20         1      2.18         0   1.89573
0.0115962               35.08             1312.87

#        20         1      2.18         0    1.8622
0.0123346             37.8809             1522.49

#        20         1      2.18         0   1.82983
0.0130415             40.7369             1753.45

#        20         1      2.18         0   1.79856
0.0138346             43.8055             2019.41

#        20         1      2.18         0   1.76835
0.0146417              46.961             2311.89

#        20         1      2.18         0   1.73913
0.0155618             50.1407              2627.1

#        20         1      2.18         0   1.71086
0.0163666             53.4327             2975.05

#        20         1      2.18         0    1.6835
0.0172691             56.7691             3349.15

#        20         1      2.18         0     1.657
0.0181647             60.1149             3745.44

#        20         1      2.18         0   1.63132
0.0190469             63.5645             4178.29

#        20         1      2.18         0   1.60643
0.0200236             67.0899             4646.43

#        20         1      2.18         0   1.58228
0.0209482             70.6818             5146.18

#        20         1      2.18         0   1.55885
0.0219944             74.1301             5649.59

#        20         1      2.18         0    1.5361
0.0228698             77.7279             6201.23

#        20         1      2.18         0     1.514
0.0240847             81.3988              6791.4

#        20         1      2.18         0   1.49254
0.0249541              84.847             7367.88

#        20         1      2.18         0   1.47167
0.0258847             88.3452             7976.58

#        20         1      2.18         0   1.45138
0.0267956              91.976             8636.59

#        20         1      2.18         0   1.43164
0.0279806             95.4549             9293.91

#        20         1      2.18         0   1.41243
0.029041              99.032             9992.04

#        20         1      2.18         0   1.39373
0.0300433             102.385             10670.4

#        20         1      2.18         0   1.37552
0.0310575               105.8             11383.8

#        20         1      2.18         0   1.35777
0.032023             109.313             12142.1

#        20         1      2.18         0   1.34048
0.0331808             112.625             12879.2

#        20         1      2.18         0   1.32363
0.0341352             116.014             13656.4

#        20         1      2.18         0   1.30719
0.0348767             119.199               14408

#        20         1      2.18         0   1.29116
0.0361574             122.384             15177.9

#        20         1      2.18         0   1.27551
0.0369757             125.645             15989.3

#        20         1      2.18         0   1.26024
0.0377393             128.656             16756.9

#        20         1      2.18         0   1.24533
0.0388015             131.674             17544.2

#        20         1      2.18         0   1.23077
0.0394664             134.622             18328.3

#        20         1      2.18         0   1.21655
0.0407198             137.759             19184.7

#        20         1      2.18         0   1.20265
0.0410403             140.414             19924.7

#        20         1      2.18         0   1.18906
0.0419844             143.368               20763

#        20         1      2.18         0   1.17578
0.0423439             145.933             21503.5

#        20         1      2.18         0   1.16279
0.0435084             148.835             22360.1

#        20         1      2.18         0   1.15009
0.0440562             151.506             23163.4

#        20         1      2.18         0   1.13766
0.0449526             154.082             23949.3

#        20         1      2.18         0   1.12549
0.0453038             156.542             24715.7

#        20         1      2.18         0   1.11359
0.045643             159.019               25497

#        20         1      2.18         0   1.10193
0.0469174             161.585             26320.4

#        20         1      2.18         0   1.09051
0.0470705             163.885             27069.5

#        20         1      2.18         0   1.07933
0.0476133             166.287             27862.6

#        20         1      2.18         0   1.06838
0.0482371             168.623               28645

#        20         1      2.18         0   1.05764
0.0486651             170.852             29402.3

#        20         1      2.18         0   1.04712
0.0491888             173.134             30187.8

#        20         1      2.18         0   1.03681
0.0495354             175.349             30961.3

#        20         1      2.18         0   1.02669
0.0504381             177.429             31694.4

#        20         1      2.18         0   1.01678
0.0506574             179.532             32444.5

#        20         1      2.18         0   1.00705
0.050858              181.71             33233.1

#        20         1      2.18         0  0.997506
0.051117             183.623               33932

#        20         1      2.18         0  0.988142
0.0513771             185.658             34684.7

#        20         1      2.18         0  0.978953
0.052295             187.781             35477.7

#        20         1      2.18         0  0.969932
0.0521216             189.595             36163.4

#        20         1      2.18         0  0.961076
0.0524271             191.463             36874.1

#        20         1      2.18         0  0.952381
0.0526079             193.366             37607.4

#        20         1      2.18         0  0.943841
0.0529643             195.273             38348.4

#        20         1      2.18         0  0.935454
0.0530809             197.047             39044.7

#        20         1      2.18         0  0.927214
0.0529599             198.887             39774.5

#        20         1      2.18         0  0.919118
0.0535168             200.673             40491.4

#        20         1      2.18         0  0.911162
0.0536396             202.475             41217.3

#        20         1      2.18         0  0.903342
0.0538326               204.2             41920.1

#        20         1      2.18         0  0.895656
0.0538202             205.787               42571

#        20         1      2.18         0  0.888099
0.0542061              207.59             43317.9

#        20         1      2.18         0  0.880669
0.0541963             209.238             44005.5

#        20         1      2.18         0  0.873362
0.0545565             210.811             44667.1

#        20         1      2.18         0  0.866176
0.0541765             212.523             45392.5

#        20         1      2.18         0  0.859107
0.0544862             214.206               46114

#        20         1      2.18         0  0.852152
0.0548959             215.719             46763.2

#        20         1      2.18         0  0.845309
0.054923             217.282             47441.7

#        20         1      2.18         0  0.838574
0.0545184             218.851             48127.7

#        20         1      2.18         0  0.831947
0.0550197             220.233               48735

#        20         1      2.18         0  0.825423
0.0551749             221.904             49474.8

#        20         1      2.18         0  0.819001
0.0552053             223.392             50138.1

#        20         1      2.18         0  0.812678
0.05486             224.852             50794.4

#        20         1      2.18         0  0.806452
0.0549669             226.273             51436.7

#        20         1      2.18         0   0.80032
0.0553448             227.815               52138

#        20         1      2.18         0  0.794281
0.0553612             229.222             52781.6

#        20         1      2.18         0  0.788333
0.0549206             230.671             53449.5

#        20         1      2.18         0  0.782473
0.0554437             232.082             54104.6

#        20         1      2.18         0  0.776699
0.0551277             233.492             54760.6

#        20         1      2.18         0   0.77101
0.0549582             234.842             55393.9

#        20         1      2.18         0  0.765404
0.0547081             236.169             56021.7

#        20         1      2.18         0  0.759878
0.0550121             237.561             56682.2

#        20         1      2.18         0  0.754432
0.0553976             238.939             57340.1

#        20         1      2.18         0  0.749064
0.0551811              240.35             58018.1

#        20         1      2.18         0  0.743771
0.0550042             241.677             58660.3

#        20         1      2.18         0  0.738552
0.0547754             242.908             59257.2

#        20         1      2.18         0  0.733407
0.0549638             244.279             59925.5

#        20         1      2.18         0  0.728332
0.0550434             245.508             60529.4

#        20         1      2.18         0  0.723327
0.0548655             246.789               61161

#        20         1      2.18         0  0.718391
0.0550114             248.059             61791.7

#        20         1      2.18         0  0.713521
0.0548287             249.408             62465.3

#        20         1      2.18         0  0.708717
0.0548218             250.616             63069.5

#        20         1      2.18         0  0.703977
0.0547108             251.891             63710.9

#        20         1      2.18         0  0.699301
0.0548862             253.084             64315.2

#        20         1      2.18         0  0.694686
0.0544937              254.24             64903.3

#        20         1      2.18         0  0.690131
0.0545623             255.495             65544.5

#        20         1      2.18         0  0.685636
0.0541814             256.677             66150.7

#        20         1      2.18         0  0.681199
0.0543519             257.984             66827.1

#        20         1      2.18         0  0.676819
0.0546814             259.172             67441.2

#        20         1      2.18         0  0.672495
0.0542861              260.25             68002.9

#        20         1      2.18         0  0.668226
0.0540971             261.455             68632.7

#        20         1      2.18         0  0.664011
0.0544021             262.571             69219.1

#        20         1      2.18         0  0.659848
0.0539876             263.725               69828

#        20         1      2.18         0  0.655738
0.0539721               264.9             70451.3

#        20         1      2.18         0  0.651678
0.0540571             266.099             71089.7

#        20         1      2.18         0  0.647668
0.0539027             267.097             71621.2

#        20         1      2.18         0  0.643708
0.0539658             268.329               72284

#        20         1      2.18         0  0.639795
0.0537932             269.326             72821.4

#        20         1      2.18         0   0.63593
0.0535353             270.486             73450.1

#        20         1      2.18         0  0.632111
0.0533381             271.574             74038.9

#        20         1      2.18         0  0.628338
0.0536019             272.638             74618.7

#        20         1      2.18         0   0.62461
0.0532013              273.69             75194.7

#        20         1      2.18         0  0.620925
0.0532264              274.86             75839.5

#        20         1      2.18         0  0.617284
0.0532283             275.798             76357.3

#        20         1      2.18         0  0.613685
0.0525671             276.888             76961.7

#        20         1      2.18         0  0.610128
0.0529431             277.854             77498.5

#        20         1      2.18         0  0.606612
0.0527033             279.009             78142.5

#        20         1      2.18         0  0.603136
0.05301             280.042             78722.3

#        20         1      2.18         0    0.5997
0.0526346              281.03             79278.6

#        20         1      2.18         0  0.596303
0.052553             282.085             79873.9

#        20         1      2.18         0  0.592944
0.0521976             283.162             80484.3

#        20         1      2.18         0  0.589623
0.0525656             284.091             81012.9

#        20         1      2.18         0  0.586338
0.052429             285.152             81617.9

#        20         1      2.18         0   0.58309
0.0523827             286.015             82111.6

#        20         1      2.18         0  0.579878
0.0527292             287.084               82726

#        20         1      2.18         0  0.576701
0.0522483             288.014               83261

#        20         1      2.18         0  0.573559
0.0522326             289.052             83862.6

#        20         1      2.18         0  0.570451
0.0520429              290.05             84440.7

#        20         1      2.18         0  0.567376
0.0520106             290.967               84976

#        20         1      2.18         0  0.564334
0.0518089             291.946             85549.1

#        20         1      2.18         0  0.561325
0.0516614             292.944             86134.1

#        20         1      2.18         0  0.558347
0.0517022              293.76             86614.7

#        20         1      2.18         0  0.555401
0.0514165             294.806             87230.1

#        20         1      2.18         0  0.552486
0.0514085             295.684             87750.9

#        20         1      2.18         0  0.549602
0.0515297             296.675             88338.7

#        20         1      2.18         0  0.546747
0.0513811              297.58               88878

#        20         1      2.18         0  0.543922
0.051436             298.503               89430

#        20         1      2.18         0  0.541126
0.0511574             299.464             90005.9

#        20         1      2.18         0  0.538358
0.050964             300.282             90498.1

#        20         1      2.18         0  0.535619
0.0512824             301.217             91061.3

#        20         1      2.18         0  0.532907
0.0509798             302.072             91579.2

#        20         1      2.18         0  0.530223
0.0508517             302.988             92134.6

#        20         1      2.18         0  0.527565
0.0506312             303.933             92710.3

#        20         1      2.18         0  0.524934
0.0509963             304.782             93229.1

#        20         1      2.18         0   0.52233
0.0507762             305.645             93755.9

#        20         1      2.18         0  0.519751
0.0504313             306.572             94323.9

#        20         1      2.18         0  0.517197
0.0506437             307.382             94824.7

#        20         1      2.18         0  0.514668
0.0506554             308.176             95313.7

#        20         1      2.18         0  0.512164
0.0505365             309.042             95848.5

#        20         1      2.18         0  0.509684
0.0503891             309.943             96407.7

#        20         1      2.18         0  0.507228
0.0499978             310.772             96925.6

#        20         1      2.18         0  0.504796
0.050162             311.651             97473.1

#        20         1      2.18         0  0.502386
0.0499869             312.509             98009.8

#        20         1      2.18         0       0.5
0.0498269              313.36             98544.1

