#    N    J    D    H   B
#     <|m|>       <E>    <E^2>

#        20         1      1.85         0        10
0.99914            -59.8936             3594.47

#        20         1      1.85         0   9.13242
0.999055            -59.8528             3592.39

#        20         1      1.85         0   8.40336
0.994744            -59.4309             3570.14

#        20         1      1.85         0    7.7821
0.997815            -59.7545             3588.05

#        20         1      1.85         0   7.24638
0.999085            -59.8897              3595.4

#        20         1      1.85         0   6.77966
0.998476            -59.8544             3593.87

#        20         1      1.85         0   6.36943
6.46508e-05           0.0227755            0.917385

#        20         1      1.85         0   6.00601
0.999442            -59.9296             3596.66

#        20         1      1.85         0   5.68182
0.999544            -59.9354             3596.99

#        20         1      1.85         0   5.39084
0.998495            -59.8393             3592.27

#        20         1      1.85         0   5.12821
0.99947            -59.9231             3596.46

#        20         1      1.85         0   4.88998
0.999555            -59.9274              3595.8

#        20         1      1.85         0    4.6729
0.999324            -59.8919             3592.81

#        20         1      1.85         0   4.47427
0.999599            -59.8988             3592.02

#        20         1      1.85         0   4.29185
0.99932            -59.8464             3587.25

#        20         1      1.85         0   4.12371
0.999293            -59.8156             3583.17

#        20         1      1.85         0   3.96825
0.999094            -59.7526             3576.52

#        20         1      1.85         0   3.82409
0.999511            -59.7257             3570.95

#        20         1      1.85         0   3.69004
0.00191237             1.83498             8.14559

#        20         1      1.85         0   3.56506
0.999335            -59.5438             3549.25

#        20         1      1.85         0   3.44828
0.00274809             3.00653             16.0417

#        20         1      1.85         0    3.3389
0.802776            -46.8575             2829.14

#        20         1      1.85         0   3.23625
0.998513            -59.0626             3495.41

#        20         1      1.85         0   3.13972
0.998379             -58.854             3470.52

#        20         1      1.85         0   3.04878
0.997888            -58.6055             3443.53

#        20         1      1.85         0   2.96296
0.997667            -58.3375              3411.7

#        20         1      1.85         0   2.88184
0.997485            -58.0191             3373.43

#        20         1      1.85         0   2.80505
0.996888            -57.6263             3330.23

#        20         1      1.85         0   2.73224
0.996414            -57.2052             3282.28

#        20         1      1.85         0   2.66312
0.99562             -56.708              3228.1

#        20         1      1.85         0    2.5974
0.995155            -56.2025             3171.02

#        20         1      1.85         0   2.53485
0.994359            -55.5773             3102.67

#        20         1      1.85         0   2.47525
0.993329            -54.8875             3030.08

#        20         1      1.85         0   2.41838
0.99247             -54.208              2957.3

#        20         1      1.85         0   2.36407
0.991069            -53.3534             2869.98

#        20         1      1.85         0   2.31214
0.990332            -52.4948             2777.31

#        20         1      1.85         0   2.26244
0.989018            -51.5384             2681.25

#        20         1      1.85         0   2.21484
0.987615            -50.5237             2579.83

#        20         1      1.85         0    2.1692
0.986044            -49.3908             2470.59

#        20         1      1.85         0    2.1254
0.984347            -48.1507              2352.5

#        20         1      1.85         0   2.08333
0.9826              -46.86             2232.63

#        20         1      1.85         0    2.0429
0.980021            -45.4017             2106.47

#        20         1      1.85         0   2.00401
0.978128            -43.9566             1980.06

#        20         1      1.85         0   1.96657
0.975937            -42.2967             1839.38

#        20         1      1.85         0    1.9305
0.973572            -40.6487             1705.28

#        20         1      1.85         0   1.89573
0.970479            -38.6991              1558.4

#        20         1      1.85         0    1.8622
0.967556            -36.7969             1419.31

#        20         1      1.85         0   1.82983
0.964336            -34.7052              1274.9

#        20         1      1.85         0   1.79856
0.960861            -32.5507             1136.36

#        20         1      1.85         0   1.76835
0.9544            -30.0811             1005.61

#        20         1      1.85         0   1.73913
0.953072            -27.8208             864.006

#        20         1      1.85         0   1.71086
0.948881            -25.3783             741.489

#        20         1      1.85         0    1.6835
0.943446            -22.3936              611.57

#        20         1      1.85         0     1.657
0.938614             -19.646             503.271

#        20         1      1.85         0   1.63132
0.933262            -16.6567             400.138

#        20         1      1.85         0   1.60643
0.927273             -13.496             315.657

#        20         1      1.85         0   1.58228
0.920086            -10.0338             252.035

#        20         1      1.85         0   1.55885
0.914182            -6.87433             205.215

#        20         1      1.85         0    1.5361
0.906884            -3.27053             178.334

#        20         1      1.85         0     1.514
0.899245            0.465943             177.617

#        20         1      1.85         0   1.49254
0.890546             4.28912             211.811

#        20         1      1.85         0   1.47167
0.881517             8.40408             273.518

#        20         1      1.85         0   1.45138
0.871727             12.5907              378.04

#        20         1      1.85         0   1.43164
0.861811             16.7141             509.732

#        20         1      1.85         0   1.41243
0.849806             21.5012             707.817

#        20         1      1.85         0   1.39373
0.839507             25.6674             915.495

#        20         1      1.85         0   1.37552
0.826418             30.5177             1197.71

#        20         1      1.85         0   1.35777
0.811746             35.7022             1559.39

#        20         1      1.85         0   1.34048
0.797563             40.4958             1939.58

#        20         1      1.85         0   1.32363
0.781462             45.7397             2407.53

#        20         1      1.85         0   1.30719
0.762535             51.3961              2975.8

#        20         1      1.85         0   1.29116
0.741822             56.9898              3608.4

#        20         1      1.85         0   1.27551
0.723594             62.2826             4252.04

#        20         1      1.85         0   1.26024
0.699335             68.3473             5060.71

#        20         1      1.85         0   1.24533
0.677694             73.5557              5815.8

#        20         1      1.85         0   1.23077
0.645281               80.17             6853.38

#        20         1      1.85         0   1.21655
0.610894             86.5116             7939.27

#        20         1      1.85         0   1.20265
0.571544             93.5138             9210.81

#        20         1      1.85         0   1.18906
0.529398             99.9522             10460.3

#        20         1      1.85         0   1.17578
0.492235             105.873               11671

#        20         1      1.85         0   1.16279
0.459259             110.937             12748.7

#        20         1      1.85         0   1.15009
0.413854             117.065             14117.7

#        20         1      1.85         0   1.13766
0.37166             122.419             15368.1

#        20         1      1.85         0   1.12549
0.352388             125.854             16193.8

#        20         1      1.85         0   1.11359
0.321952             130.033             17235.9

#        20         1      1.85         0   1.10193
0.284155              134.59             18408.5

#        20         1      1.85         0   1.09051
0.271505              137.27             19119.2

#        20         1      1.85         0   1.07933
0.252255             140.073             19881.9

#        20         1      1.85         0   1.06838
0.232998             143.047             20700.2

#        20         1      1.85         0   1.05764
0.222552              145.37               21364

#        20         1      1.85         0   1.04712
0.211415             147.837             22078.1

#        20         1      1.85         0   1.03681
0.20178             149.806             22656.1

#        20         1      1.85         0   1.02669
0.185712             152.295             23395.3

#        20         1      1.85         0   1.01678
0.178934             154.163             23965.5

#        20         1      1.85         0   1.00705
0.170763             156.081             24556.7

#        20         1      1.85         0  0.997506
0.164763             157.815             25097.2

#        20         1      1.85         0  0.988142
0.158364             159.577             25656.2

#        20         1      1.85         0  0.978953
0.152359             161.506             26271.9

#        20         1      1.85         0  0.969932
0.147839             163.002             26755.7

#        20         1      1.85         0  0.961076
0.142177             164.702             27308.8

#        20         1      1.85         0  0.952381
0.138504              166.29             27835.6

#        20         1      1.85         0  0.943841
0.133627             168.018             28411.5

#        20         1      1.85         0  0.935454
0.132493              169.38             28872.2

#        20         1      1.85         0  0.927214
0.127726             170.913             29392.7

#        20         1      1.85         0  0.919118
0.124622             172.404             29905.1

#        20         1      1.85         0  0.911162
0.12396             173.764             30377.5

#        20         1      1.85         0  0.903342
0.120889             175.181             30873.9

#        20         1      1.85         0  0.895656
0.119087             176.545             31351.8

#        20         1      1.85         0  0.888099
0.116151             177.991             31866.1

#        20         1      1.85         0  0.880669
0.111774             179.398               32368

#        20         1      1.85         0  0.873362
0.11247             180.729             32849.7

#        20         1      1.85         0  0.866176
0.108509             182.124             33355.4

#        20         1      1.85         0  0.859107
0.107417             183.464             33846.2

#        20         1      1.85         0  0.852152
0.104789             184.848             34356.5

#        20         1      1.85         0  0.845309
0.104956             185.922             34756.8

#        20         1      1.85         0  0.838574
0.10273             187.298             35270.1

#        20         1      1.85         0  0.831947
0.100988             188.547             35741.7

#        20         1      1.85         0  0.825423
0.0994609              189.92             36263.2

#        20         1      1.85         0  0.819001
0.0978624             191.111             36717.5

#        20         1      1.85         0  0.812678
0.0967994             192.336             37188.3

#        20         1      1.85         0  0.806452
0.0952613             193.485             37633.8

#        20         1      1.85         0   0.80032
0.0939871             194.712             38111.1

#        20         1      1.85         0  0.794281
0.0921211             196.002               38616

#        20         1      1.85         0  0.788333
0.091189             197.125             39057.3

#        20         1      1.85         0  0.782473
0.092355             198.259             39507.5

#        20         1      1.85         0  0.776699
0.0892787             199.471             39990.5

#        20         1      1.85         0   0.77101
0.0883175             200.645             40461.4

#        20         1      1.85         0  0.765404
0.0872003             201.762             40912.9

#        20         1      1.85         0  0.759878
0.0866923             202.857             41358.1

#        20         1      1.85         0  0.754432
0.0857551             203.996             41822.2

#        20         1      1.85         0  0.749064
0.0848694             205.118             42282.8

#        20         1      1.85         0  0.743771
0.0845592             206.203             42730.8

#        20         1      1.85         0  0.738552
0.0828871             207.394             43223.4

#        20         1      1.85         0  0.733407
0.082914             208.463             43669.6

#        20         1      1.85         0  0.728332
0.0819967             209.573             44134.8

#        20         1      1.85         0  0.723327
0.0806071             210.676             44598.5

#        20         1      1.85         0  0.718391
0.0807197             211.624             45002.6

#        20         1      1.85         0  0.713521
0.0794053             212.645             45435.3

#        20         1      1.85         0  0.708717
0.0790126             213.735             45900.7

#        20         1      1.85         0  0.703977
0.0778697             214.775             46349.9

#        20         1      1.85         0  0.699301
0.0779126             215.864             46820.4

#        20         1      1.85         0  0.694686
0.0774762             216.835             47240.7

#        20         1      1.85         0  0.690131
0.076268             217.935             47720.8

#        20         1      1.85         0  0.685636
0.0758879             218.924             48154.4

#        20         1      1.85         0  0.681199
0.0753379             219.891             48579.8

#        20         1      1.85         0  0.676819
0.0744521             220.989             49064.6

#        20         1      1.85         0  0.672495
0.0739596             221.939             49488.2

#        20         1      1.85         0  0.668226
0.0738099             222.898             49915.5

#        20         1      1.85         0  0.664011
0.0737241             223.879             50355.5

#        20         1      1.85         0  0.659848
0.0728666             224.899             50814.5

#        20         1      1.85         0  0.655738
0.0716787             225.862             51249.1

#        20         1      1.85         0  0.651678
0.071423             226.774             51662.4

#        20         1      1.85         0  0.647668
0.0715987             227.783             52123.1

#        20         1      1.85         0  0.643708
0.0708558             228.691             52539.6

#        20         1      1.85         0  0.639795
0.0705875             229.631             52972.5

#        20         1      1.85         0   0.63593
0.0700118             230.559             53399.4

#        20         1      1.85         0  0.632111
0.0695459             231.499             53834.6

#        20         1      1.85         0  0.628338
0.0701809             232.371             54242.7

#        20         1      1.85         0   0.62461
0.0687617             233.288               54671

#        20         1      1.85         0  0.620925
0.0690389             234.187             55091.7

#        20         1      1.85         0  0.617284
0.0682804             235.184             55561.2

#        20         1      1.85         0  0.613685
0.0679758             235.943             55919.4

#        20         1      1.85         0  0.610128
0.067545             236.931             56387.5

#        20         1      1.85         0  0.606612
0.0670063             237.789             56796.3

#        20         1      1.85         0  0.603136
0.0672917             238.663             57214.6

#        20         1      1.85         0    0.5997
0.0663558             239.636             57681.3

#        20         1      1.85         0  0.596303
0.0661092             240.425             58060.8

#        20         1      1.85         0  0.592944
0.0657612             241.272             58470.4

#        20         1      1.85         0  0.589623
0.0653061             242.188             58913.8

#        20         1      1.85         0  0.586338
0.0650537             242.973             59297.6

#        20         1      1.85         0   0.58309
0.0647048             243.832             59715.2

#        20         1      1.85         0  0.579878
0.0649037             244.692             60135.6

#        20         1      1.85         0  0.576701
0.0641466             245.588             60578.1

#        20         1      1.85         0  0.573559
0.0640299             246.397             60976.7

#        20         1      1.85         0  0.570451
0.0630704             247.242             61394.1

#        20         1      1.85         0  0.567376
0.0634841             248.035             61790.1

#        20         1      1.85         0  0.564334
0.0626894             248.912             62226.9

#        20         1      1.85         0  0.561325
0.0633046             249.625             62582.6

#        20         1      1.85         0  0.558347
0.0626016             250.438             62990.9

#        20         1      1.85         0  0.555401
0.0622843              251.17             63360.8

#        20         1      1.85         0  0.552486
0.0620348             252.106             63831.4

#        20         1      1.85         0  0.549602
0.0617389             252.835             64201.2

#        20         1      1.85         0  0.546747
0.0616318             253.702             64641.4

#        20         1      1.85         0  0.543922
0.0616259              254.32             64956.3

#        20         1      1.85         0  0.541126
0.061058              255.19             65399.8

#        20         1      1.85         0  0.538358
0.0609032             255.965             65797.8

#        20         1      1.85         0  0.535619
0.0603952               256.7               66176

#        20         1      1.85         0  0.532907
0.0602445             257.513             66595.4

#        20         1      1.85         0  0.530223
0.0602376             258.225             66963.5

#        20         1      1.85         0  0.527565
0.0596937             259.047             67389.4

#        20         1      1.85         0  0.524934
0.0600595             259.728             67744.5

#        20         1      1.85         0   0.52233
0.0591492             260.544             68170.1

#        20         1      1.85         0  0.519751
0.0592185             261.304             68568.7

#        20         1      1.85         0  0.517197
0.0591066             262.028             68948.6

#        20         1      1.85         0  0.514668
0.0586568             262.844             69376.6

#        20         1      1.85         0  0.512164
0.058536             263.474             69709.8

#        20         1      1.85         0  0.509684
0.0586             264.189               70088

#        20         1      1.85         0  0.507228
0.0580394              264.95               70493

#        20         1      1.85         0  0.504796
0.0580311             265.622             70849.2

#        20         1      1.85         0  0.502386
0.0578548             266.356             71242.7

#        20         1      1.85         0       0.5
0.0574543             267.092             71635.1

