#    N    J    D    H   B
#     <|m|>       <E>    <E^2>

#        20         1      1.11         0        10
0.0999978            -280.376               78614

#        20         1      1.11         0   9.13242
6.14863e-05            -280.374             78612.1

#        20         1      1.11         0   8.40336
0.100055            -280.362             78605.8

#        20         1      1.11         0    7.7821
0.999927            -355.975              126723

#        20         1      1.11         0   7.24638
0.999801            -355.955              126711

#        20         1      1.11         0   6.77966
0.999806             -355.96              126713

#        20         1      1.11         0   6.36943
0.999655            -355.939              126701

#        20         1      1.11         0   6.00601
0.999855            -355.963              126716

#        20         1      1.11         0   5.68182
0.352964            -279.937             78367.6

#        20         1      1.11         0   5.39084
0.999697            -355.943              126703

#        20         1      1.11         0   5.12821
0.999736            -355.948              126706

#        20         1      1.11         0   4.88998
0.999528            -355.924              126692

#        20         1      1.11         0    4.6729
0.99973            -355.945              126705

#        20         1      1.11         0   4.47427
0.999918            -355.973              126721

#        20         1      1.11         0   4.29185
0.900499            -346.448              120687

#        20         1      1.11         0   4.12371
0.999904            -355.966              126716

#        20         1      1.11         0   3.96825
0.979468            -353.593              125217

#        20         1      1.11         0   3.82409
0.99974            -355.937              126698

#        20         1      1.11         0   3.69004
0.999902            -355.947              126704

#        20         1      1.11         0   3.56506
0.928337            -348.944              122288

#        20         1      1.11         0   3.44828
0.999846            -355.915              126680

#        20         1      1.11         0    3.3389
0.999757            -355.889              126663

#        20         1      1.11         0   3.23625
0.999648            -355.848              126636

#        20         1      1.11         0   3.13972
0.999769            -355.837              126625

#        20         1      1.11         0   3.04878
0.99974            -355.798              126598

#        20         1      1.11         0   2.96296
0.986936            -354.279              125641

#        20         1      1.11         0   2.88184
0.99963             -355.68              126515

#        20         1      1.11         0   2.80505
0.996348            -355.214              126218

#        20         1      1.11         0   2.73224
0.999396            -355.517              126401

#        20         1      1.11         0   2.66312
0.998166            -355.251              126226

#        20         1      1.11         0    2.5974
0.997117            -354.959              126034

#        20         1      1.11         0   2.53485
0.999234            -355.192              126169

#        20         1      1.11         0   2.47525
0.981554            -352.996              124789

#        20         1      1.11         0   2.41838
0.99888            -354.861              125935

#        20         1      1.11         0   2.36407
0.994835            -354.142              125474

#        20         1      1.11         0   2.31214
0.99766            -354.313              125568

#        20         1      1.11         0   2.26244
0.996686             -353.97              125329

#        20         1      1.11         0   2.21484
0.986017            -352.573              124442

#        20         1      1.11         0    2.1692
0.997875            -353.681              125102

#        20         1      1.11         0    2.1254
0.997595            -353.349              124869

#        20         1      1.11         0   2.08333
0.997303            -352.998              124622

#        20         1      1.11         0    2.0429
0.996904             -352.61              124351

#        20         1      1.11         0   2.00401
0.996661            -352.229              124081

#        20         1      1.11         0   1.96657
0.994904            -351.543              123630

#        20         1      1.11         0    1.9305
0.99558            -351.272              123415

#        20         1      1.11         0   1.89573
0.99457            -350.636              122978

#        20         1      1.11         0    1.8622
0.994682            -350.224              122684

#        20         1      1.11         0   1.82983
0.994185            -349.596              122243

#        20         1      1.11         0   1.79856
0.993615            -348.976              121813

#        20         1      1.11         0   1.76835
0.988535            -347.743              121005

#        20         1      1.11         0   1.73913
0.992132            -347.544              120823

#        20         1      1.11         0   1.71086
0.991795            -346.841              120332

#        20         1      1.11         0    1.6835
0.988725            -345.618              119525

#        20         1      1.11         0     1.657
0.990114            -345.126              119152

#        20         1      1.11         0   1.63132
0.984252            -343.708              118234

#        20         1      1.11         0   1.60643
0.988517             -343.35              117934

#        20         1      1.11         0   1.58228
0.987291            -342.344              117254

#        20         1      1.11         0   1.55885
0.986184            -341.205              116485

#        20         1      1.11         0    1.5361
0.983714            -339.989              115674

#        20         1      1.11         0     1.514
0.983461            -338.916              114951

#        20         1      1.11         0   1.49254
0.983657             -338.01              114312

#        20         1      1.11         0   1.47167
0.982455            -336.797              113500

#        20         1      1.11         0   1.45138
0.981266            -335.487              112621

#        20         1      1.11         0   1.43164
0.978784            -334.036              111671

#        20         1      1.11         0   1.41243
0.978751             -332.84              110863

#        20         1      1.11         0   1.39373
0.977107            -331.298              109848

#        20         1      1.11         0   1.37552
0.97452            -329.811              108884

#        20         1      1.11         0   1.35777
0.974551            -328.461              107981

#        20         1      1.11         0   1.34048
0.973092            -326.918              106974

#        20         1      1.11         0   1.32363
0.971443            -325.268              105906

#        20         1      1.11         0   1.30719
0.969907            -323.616              104837

#        20         1      1.11         0   1.29116
0.962004            -321.072              103282

#        20         1      1.11         0   1.27551
0.96653            -320.143              102613

#        20         1      1.11         0   1.26024
0.964838            -318.395              101501

#        20         1      1.11         0   1.24533
0.962769            -316.477              100295

#        20         1      1.11         0   1.23077
0.958539            -314.169             98873.4

#        20         1      1.11         0   1.21655
0.958981            -312.631               97888

#        20         1      1.11         0   1.20265
0.95384            -310.099             96356.3

#        20         1      1.11         0   1.18906
0.9542             -308.38             95270.2

#        20         1      1.11         0   1.17578
0.952603            -306.269             93972.7

#        20         1      1.11         0   1.16279
0.950322            -304.087             92651.3

#        20         1      1.11         0   1.15009
0.948236            -301.872             91311.7

#        20         1      1.11         0   1.13766
0.945883            -299.613             89963.1

#        20         1      1.11         0   1.12549
0.943376            -297.215             88541.4

#        20         1      1.11         0   1.11359
0.940986            -294.974               87224

#        20         1      1.11         0   1.10193
0.938592            -292.567               85818

#        20         1      1.11         0   1.09051
0.935767            -289.944             84296.7

#        20         1      1.11         0   1.07933
0.933221            -287.493             82892.6

#        20         1      1.11         0   1.06838
0.930433              -284.9             81420.5

#        20         1      1.11         0   1.05764
0.927511            -282.127             79855.2

#        20         1      1.11         0   1.04712
0.921876            -278.973             78129.9

#        20         1      1.11         0   1.03681
0.921593            -276.681             76831.4

#        20         1      1.11         0   1.02669
0.917653            -273.742             75238.6

#        20         1      1.11         0   1.01678
0.915357            -270.949             73713.4

#        20         1      1.11         0   1.00705
0.912159            -268.062             72168.6

#        20         1      1.11         0  0.997506
0.908668            -265.051             70579.1

#        20         1      1.11         0  0.988142
0.905068            -261.818             68887.8

#        20         1      1.11         0  0.978953
0.901829            -258.856             67355.9

#        20         1      1.11         0  0.969932
0.89825            -255.702             65745.6

#        20         1      1.11         0  0.961076
0.894373            -252.556             64163.6

#        20         1      1.11         0  0.952381
0.890291            -249.106             62454.9

#        20         1      1.11         0  0.943841
0.886562            -245.739             60797.6

#        20         1      1.11         0  0.935454
0.88256            -242.312             59135.5

#        20         1      1.11         0  0.927214
0.878367            -238.792             57456.2

#        20         1      1.11         0  0.919118
0.874063             -235.34             55842.3

#        20         1      1.11         0  0.911162
0.869691             -231.69             54153.4

#        20         1      1.11         0  0.903342
0.864674            -228.019             52487.2

#        20         1      1.11         0  0.895656
0.860584            -224.331             50829.8

#        20         1      1.11         0  0.888099
0.855499             -220.42             49114.5

#        20         1      1.11         0  0.880669
0.850361            -216.647             47488.3

#        20         1      1.11         0  0.873362
0.845142            -212.398             45681.4

#        20         1      1.11         0  0.866176
0.839272            -208.249             43966.9

#        20         1      1.11         0  0.859107
0.83352            -203.866             42174.8

#        20         1      1.11         0  0.852152
0.827045             -199.61             40490.3

#        20         1      1.11         0  0.845309
0.82165            -195.389             38843.1

#        20         1      1.11         0  0.838574
0.814639            -190.526             36998.1

#        20         1      1.11         0  0.831947
0.807418            -185.835             35258.6

#        20         1      1.11         0  0.825423
0.800159             -181.24             33617.3

#        20         1      1.11         0  0.819001
0.793732            -176.647             31997.1

#        20         1      1.11         0  0.812678
0.785337            -171.294             30162.6

#        20         1      1.11         0  0.806452
0.77666            -166.183             28471.6

#        20         1      1.11         0   0.80032
0.768322            -160.886               26779

#        20         1      1.11         0  0.794281
0.755487            -154.643             24887.6

#        20         1      1.11         0  0.788333
0.74694            -149.416             23317.5

#        20         1      1.11         0  0.782473
0.733966            -142.912             21491.4

#        20         1      1.11         0  0.776699
0.723005              -137.4               19967

#        20         1      1.11         0   0.77101
0.708788            -130.904             18305.1

#        20         1      1.11         0  0.765404
0.695415            -124.768             16780.6

#        20         1      1.11         0  0.759878
0.679067            -117.767             15143.9

#        20         1      1.11         0  0.754432
0.649535            -108.779             13278.2

#        20         1      1.11         0  0.749064
0.629752            -101.505             11805.2

#        20         1      1.11         0  0.743771
0.601963            -92.8567             10228.1

#        20         1      1.11         0  0.738552
0.586348             -86.012             8956.75

#        20         1      1.11         0  0.733407
0.552545            -77.0378             7542.46

#        20         1      1.11         0  0.728332
0.518825            -67.5464             6201.56

#        20         1      1.11         0  0.723327
0.480409            -58.4046             5038.77

#        20         1      1.11         0  0.718391
0.461802            -52.1813             4318.66

#        20         1      1.11         0  0.713521
0.431071            -44.5701             3549.29

#        20         1      1.11         0  0.708717
0.404553            -36.9307             2835.39

#        20         1      1.11         0  0.703977
0.378921            -30.2034             2331.87

#        20         1      1.11         0  0.699301
0.347667            -23.5071             1902.87

#        20         1      1.11         0  0.694686
0.329291            -17.6774             1559.08

#        20         1      1.11         0  0.690131
0.309865            -12.3281             1331.04

#        20         1      1.11         0  0.685636
0.288039            -6.91338             1177.39

#        20         1      1.11         0  0.681199
0.27238            -2.24916             1066.24

#        20         1      1.11         0  0.676819
0.260254             1.92084             1000.87

#        20         1      1.11         0  0.672495
0.247949             6.19159             980.425

#        20         1      1.11         0  0.668226
0.232649             10.3675             1022.62

#        20         1      1.11         0  0.664011
0.2225             14.0969             1064.39

#        20         1      1.11         0  0.659848
0.211436              17.563             1131.95

#        20         1      1.11         0  0.655738
0.19986             21.1871             1240.61

#        20         1      1.11         0  0.651678
0.192885             24.2264             1359.61

#        20         1      1.11         0  0.647668
0.189245             27.0556             1477.38

#        20         1      1.11         0  0.643708
0.178513              30.181              1633.7

#        20         1      1.11         0  0.639795
0.177691             32.7077             1778.66

#        20         1      1.11         0   0.63593
0.167836             35.6734             1954.46

#        20         1      1.11         0  0.632111
0.163241             38.0078             2110.01

#        20         1      1.11         0  0.628338
0.156883             40.7229             2306.58

#        20         1      1.11         0   0.62461
0.154348             42.9128             2479.78

#        20         1      1.11         0  0.620925
0.149053             45.4275             2683.51

#        20         1      1.11         0  0.617284
0.145532             47.6058             2874.34

#        20         1      1.11         0  0.613685
0.143294             49.5654             3060.72

#        20         1      1.11         0  0.610128
0.138079             51.8864             3283.58

#        20         1      1.11         0  0.606612
0.133867             54.0503             3499.91

#        20         1      1.11         0  0.603136
0.132499             55.8261             3688.37

#        20         1      1.11         0    0.5997
0.128927             57.8141             3905.62

#        20         1      1.11         0  0.596303
0.127607             59.5918             4104.12

#        20         1      1.11         0  0.592944
0.122965             61.6562             4349.71

#        20         1      1.11         0  0.589623
0.120673             63.5267             4576.44

#        20         1      1.11         0  0.586338
0.118913             65.2343             4790.81

#        20         1      1.11         0   0.58309
0.118049             66.7261             4981.67

#        20         1      1.11         0  0.579878
0.116449               68.41             5196.99

#        20         1      1.11         0  0.576701
0.113607             70.0215             5418.09

#        20         1      1.11         0  0.573559
0.112393             71.8578             5670.74

#        20         1      1.11         0  0.570451
0.109739             73.2978              5876.4

#        20         1      1.11         0  0.567376
0.107715             74.9551              6111.5

#        20         1      1.11         0  0.564334
0.106446             76.4295             6329.01

#        20         1      1.11         0  0.561325
0.105636             77.6865             6517.39

#        20         1      1.11         0  0.558347
0.103599             79.1504             6746.23

#        20         1      1.11         0  0.555401
0.102135             80.6027             6970.71

#        20         1      1.11         0  0.552486
0.10104             81.9531             7187.53

#        20         1      1.11         0  0.549602
0.0999739             83.2806             7401.74

#        20         1      1.11         0  0.546747
0.0978383             84.6985             7638.48

#        20         1      1.11         0  0.543922
0.0975028              85.785             7821.12

#        20         1      1.11         0  0.541126
0.0958667             87.3747             8087.97

#        20         1      1.11         0  0.538358
0.0959518             88.4276             8274.47

#        20         1      1.11         0  0.535619
0.0936567             89.7163              8499.3

#        20         1      1.11         0  0.532907
0.0934174             91.0368             8734.76

#        20         1      1.11         0  0.530223
0.091295             92.2556              8954.3

#        20         1      1.11         0  0.527565
0.0905103             93.3564             9154.63

#        20         1      1.11         0  0.524934
0.0904999             94.5074              9367.7

#        20         1      1.11         0   0.52233
0.0885364             95.5813             9566.93

#        20         1      1.11         0  0.519751
0.0878232              96.813             9800.73

#        20         1      1.11         0  0.517197
0.087432             97.7634             9984.95

#        20         1      1.11         0  0.514668
0.0866852             98.9179             10211.4

#        20         1      1.11         0  0.512164
0.0856528                 100             10421.7

#        20         1      1.11         0  0.509684
0.0848523             101.109             10645.2

#        20         1      1.11         0  0.507228
0.0846486             102.139             10849.2

#        20         1      1.11         0  0.504796
0.0842755             103.035             11033.4

#        20         1      1.11         0  0.502386
0.0823714              104.22             11276.7

#        20         1      1.11         0       0.5
0.0820726             105.081             11455.2

