#    N    J    D    H   B
#     <|m|>       <E>    <E^2>

#        20         1      0.33         0        10
0.99969            -667.906              446112

#        20         1      0.33         0   9.13242
0.300087            -587.973              345716

#        20         1      0.33         0   8.40336
0.999619            -667.899              446105

#        20         1      0.33         0    7.7821
0.299879            -587.978              345721

#        20         1      0.33         0   7.24638
0.998827            -667.812              445995

#        20         1      0.33         0   6.77966
0.000193488            -587.942              345680

#        20         1      0.33         0   6.36943
0.999767            -667.937              446151

#        20         1      0.33         0   6.00601
0.100158            -587.953              345693

#        20         1      0.33         0   5.68182
0.999694            -667.926              446138

#        20         1      0.33         0   5.39084
4.90932e-05            -587.954              345694

#        20         1      0.33         0   5.12821
0.999968            -667.984              446207

#        20         1      0.33         0   4.88998
0.999888            -667.962              446182

#        20         1      0.33         0    4.6729
0.399943            -587.915              345648

#        20         1      0.33         0   4.47427
0.999691             -667.93              446143

#        20         1      0.33         0   4.29185
0.999597            -667.916              446126

#        20         1      0.33         0   4.12371
0.499905            -587.821              345537

#        20         1      0.33         0   3.96825
0.999752            -667.936              446150

#        20         1      0.33         0   3.82409
0.054214            -587.712              345410

#        20         1      0.33         0   3.69004
0.133732             -587.65              345336

#        20         1      0.33         0   3.56506
0.999835            -667.958              446175

#        20         1      0.33         0   3.44828
0.999944            -667.973              446193

#        20         1      0.33         0    3.3389
0.410004            -598.639              359158

#        20         1      0.33         0   3.23625
0.134725            -587.185              344792

#        20         1      0.33         0   3.13972
0.999799            -667.937              446149

#        20         1      0.33         0   3.04878
0.186813            -586.816              344359

#        20         1      0.33         0   2.96296
0.23136            -586.593              344097

#        20         1      0.33         0   2.88184
0.999917            -667.941              446151

#        20         1      0.33         0   2.80505
0.443308            -598.241              358753

#        20         1      0.33         0   2.73224
0.965418            -664.201              441463

#        20         1      0.33         0   2.66312
0.999859            -667.888              446081

#        20         1      0.33         0    2.5974
0.999811            -667.855              446040

#        20         1      0.33         0   2.53485
0.999834             -667.84              446018

#        20         1      0.33         0   2.47525
0.999817            -667.804              445970

#        20         1      0.33         0   2.41838
0.989368            -666.332              444124

#        20         1      0.33         0   2.36407
0.999558            -667.692              445824

#        20         1      0.33         0   2.31214
0.999668            -667.658              445777

#        20         1      0.33         0   2.26244
0.999641            -667.597              445697

#        20         1      0.33         0   2.21484
0.999532            -667.518              445590

#        20         1      0.33         0    2.1692
0.87207            -652.878              427320

#        20         1      0.33         0    2.1254
0.999501            -667.364              445384

#        20         1      0.33         0   2.08333
0.966881            -663.435              440482

#        20         1      0.33         0    2.0429
0.986458            -665.385              442901

#        20         1      0.33         0   2.00401
0.95387             -661.22              437711

#        20         1      0.33         0   1.96657
0.999196            -666.893              444756

#        20         1      0.33         0    1.9305
0.998996            -666.701              444502

#        20         1      0.33         0   1.89573
0.998848            -666.535              444281

#        20         1      0.33         0    1.8622
0.998704            -666.336              444019

#        20         1      0.33         0   1.82983
0.998421            -666.109              443721

#        20         1      0.33         0   1.79856
0.987675            -664.445              441640

#        20         1      0.33         0   1.76835
0.998216            -665.671              443136

#        20         1      0.33         0   1.73913
0.998207            -665.427              442809

#        20         1      0.33         0   1.71086
0.997571            -665.074              442355

#        20         1      0.33         0    1.6835
0.997679            -664.833              442023

#        20         1      0.33         0     1.657
0.997544            -664.502              441583

#        20         1      0.33         0   1.63132
0.997255            -664.152              441121

#        20         1      0.33         0   1.60643
0.996892            -663.736              440571

#        20         1      0.33         0   1.58228
0.995229            -663.161              439833

#        20         1      0.33         0   1.55885
0.996316            -662.936              439514

#        20         1      0.33         0    1.5361
0.99607            -662.493              438926

#        20         1      0.33         0     1.514
0.995773            -662.044              438335

#        20         1      0.33         0   1.49254
0.979719            -659.448              435112

#        20         1      0.33         0   1.47167
0.995007            -660.943              436882

#        20         1      0.33         0   1.45138
0.994609            -660.432              436208

#        20         1      0.33         0   1.43164
0.994087            -659.789              435364

#        20         1      0.33         0   1.41243
0.99382            -659.215              434606

#        20         1      0.33         0   1.39373
0.993466            -658.595              433789

#        20         1      0.33         0   1.37552
0.988275            -657.278              432122

#        20         1      0.33         0   1.35777
0.992477            -657.211              431975

#        20         1      0.33         0   1.34048
0.991929             -656.43              430953

#        20         1      0.33         0   1.32363
0.991264            -655.636              429919

#        20         1      0.33         0   1.30719
0.990869            -654.926              428986

#        20         1      0.33         0   1.29116
0.99025            -654.029              427816

#        20         1      0.33         0   1.27551
0.986119            -652.731              426170

#        20         1      0.33         0   1.26024
0.988939            -652.214              425454

#        20         1      0.33         0   1.24533
0.988182            -651.274              424233

#        20         1      0.33         0   1.23077
0.98753            -650.347              423030

#        20         1      0.33         0   1.21655
0.9867            -649.261              421625

#        20         1      0.33         0   1.20265
0.986114            -648.249              420312

#        20         1      0.33         0   1.18906
0.985347            -647.185              418940

#        20         1      0.33         0   1.17578
0.984496             -646.07              417503

#        20         1      0.33         0   1.16279
0.983759            -644.879              415967

#        20         1      0.33         0   1.15009
0.982817            -643.653              414394

#        20         1      0.33         0   1.13766
0.982032            -642.438              412834

#        20         1      0.33         0   1.12549
0.976081            -640.515              410452

#        20         1      0.33         0   1.11359
0.980117            -639.882              409571

#        20         1      0.33         0   1.10193
0.978115            -638.355              407643

#        20         1      0.33         0   1.09051
0.978096            -637.088              406015

#        20         1      0.33         0   1.07933
0.977132              -635.7              404253

#        20         1      0.33         0   1.06838
0.975093            -633.972              402080

#        20         1      0.33         0   1.05764
0.970623            -632.081              399755

#        20         1      0.33         0   1.04712
0.973709            -631.131              398488

#        20         1      0.33         0   1.03681
0.972605            -629.628              396602

#        20         1      0.33         0   1.02669
0.97153            -628.018              394578

#        20         1      0.33         0   1.01678
0.970102            -626.224              392341

#        20         1      0.33         0   1.00705
0.956614            -622.743              388197

#        20         1      0.33         0  0.997506
0.96362            -622.185              387383

#        20         1      0.33         0  0.988142
0.966258            -620.988              385833

#        20         1      0.33         0  0.978953
0.964905             -619.21              383636

#        20         1      0.33         0  0.969932
0.963565             -617.27              381241

#        20         1      0.33         0  0.961076
0.962071            -615.429              378987

#        20         1      0.33         0  0.952381
0.960488            -613.249              376314

#        20         1      0.33         0  0.943841
0.959            -611.285              373922

#        20         1      0.33         0  0.935454
0.957295             -609.25              371450

#        20         1      0.33         0  0.927214
0.955438            -607.095              368844

#        20         1      0.33         0  0.919118
0.954146            -604.979              366284

#        20         1      0.33         0  0.911162
0.952451            -602.718              363560

#        20         1      0.33         0  0.903342
0.949105            -600.181              360553

#        20         1      0.33         0  0.895656
0.947939            -598.054              358005

#        20         1      0.33         0  0.888099
0.946446            -595.702              355201

#        20         1      0.33         0  0.880669
0.945022            -593.187              352210

#        20         1      0.33         0  0.873362
0.942966            -590.828              349437

#        20         1      0.33         0  0.866176
0.940862            -588.219              346377

#        20         1      0.33         0  0.859107
0.939168            -585.829              343575

#        20         1      0.33         0  0.852152
0.936687            -582.923              340196

#        20         1      0.33         0  0.845309
0.934713            -580.323              337185

#        20         1      0.33         0  0.838574
0.932457            -577.675              334134

#        20         1      0.33         0  0.831947
0.930027            -574.925              330989

#        20         1      0.33         0  0.825423
0.92776            -572.079              327734

#        20         1      0.33         0  0.819001
0.925733            -569.285              324558

#        20         1      0.33         0  0.812678
0.922778            -565.908              320745

#        20         1      0.33         0  0.806452
0.919777            -563.014              317507

#        20         1      0.33         0   0.80032
0.915573            -559.495              313603

#        20         1      0.33         0  0.794281
0.914877            -556.549              310291

#        20         1      0.33         0  0.788333
0.91221            -553.409              306835

#        20         1      0.33         0  0.782473
0.90882            -550.036              303136

#        20         1      0.33         0  0.776699
0.906068            -546.495              299267

#        20         1      0.33         0   0.77101
0.903411            -543.447              295963

#        20         1      0.33         0  0.765404
0.900177            -539.749              291980

#        20         1      0.33         0  0.759878
0.896826            -536.154              288134

#        20         1      0.33         0  0.754432
0.893427            -532.389              284135

#        20         1      0.33         0  0.749064
0.890244             -528.86              280416

#        20         1      0.33         0  0.743771
0.885655            -524.549              275920

#        20         1      0.33         0  0.738552
0.881886              -520.5              271707

#        20         1      0.33         0  0.733407
0.878329            -516.663              267750

#        20         1      0.33         0  0.728332
0.874712            -512.637              263639

#        20         1      0.33         0  0.723327
0.870536            -508.611              259554

#        20         1      0.33         0  0.718391
0.86595            -503.976              254899

#        20         1      0.33         0  0.713521
0.861343            -499.445              250376

#        20         1      0.33         0  0.708717
0.856537            -495.049              246049

#        20         1      0.33         0  0.703977
0.852201            -490.768              241855

#        20         1      0.33         0  0.699301
0.84629            -485.482              236753

#        20         1      0.33         0  0.694686
0.840022            -480.376              231875

#        20         1      0.33         0  0.690131
0.83454             -475.58              227336

#        20         1      0.33         0  0.685636
0.828773            -470.468              222529

#        20         1      0.33         0  0.681199
0.823            -465.245              217700

#        20         1      0.33         0  0.676819
0.816877            -460.033              212910

#        20         1      0.33         0  0.672495
0.808175            -453.444              206966

#        20         1      0.33         0  0.668226
0.800197            -447.727              201891

#        20         1      0.33         0  0.664011
0.792509             -441.83              196688

#        20         1      0.33         0  0.659848
0.78192            -434.706              190528

#        20         1      0.33         0  0.655738
0.775054            -429.593              186150

#        20         1      0.33         0  0.651678
0.762084            -422.036              179857

#        20         1      0.33         0  0.647668
0.750878            -415.244              174243

#        20         1      0.33         0  0.643708
0.73713            -407.483              167954

#        20         1      0.33         0  0.639795
0.722978            -400.148              162147

#        20         1      0.33         0   0.63593
0.708649            -392.318              156037

#        20         1      0.33         0  0.632111
0.694417            -384.883              150349

#        20         1      0.33         0  0.628338
0.663702            -373.682              142075

#        20         1      0.33         0   0.62461
0.645587              -365.7              136239

#        20         1      0.33         0  0.620925
0.614463            -354.783              128520

#        20         1      0.33         0  0.617284
0.604512            -348.164              123831

#        20         1      0.33         0  0.613685
0.568498            -336.461              115883

#        20         1      0.33         0  0.610128
0.53795            -327.035              109695

#        20         1      0.33         0  0.606612
0.511233            -317.233              103354

#        20         1      0.33         0  0.603136
0.488783            -308.508             97778.7

#        20         1      0.33         0    0.5997
0.46792            -301.461             93555.1

#        20         1      0.33         0  0.596303
0.422163            -289.325             86244.6

#        20         1      0.33         0  0.592944
0.413948            -283.853             83006.2

#        20         1      0.33         0  0.589623
0.373922            -273.669             77162.5

#        20         1      0.33         0  0.586338
0.351954            -265.552             72691.7

#        20         1      0.33         0   0.58309
0.343595            -261.164             70321.6

#        20         1      0.33         0  0.579878
0.320835             -253.96             66487.8

#        20         1      0.33         0  0.576701
0.30354            -247.602             63201.5

#        20         1      0.33         0  0.573559
0.292852            -242.633             60671.4

#        20         1      0.33         0  0.570451
0.267198            -235.684               57235

#        20         1      0.33         0  0.567376
0.26167            -231.178             55076.7

#        20         1      0.33         0  0.564334
0.246946            -226.033             52669.4

#        20         1      0.33         0  0.561325
0.239916            -221.808             50718.5

#        20         1      0.33         0  0.558347
0.226506            -217.277             48660.7

#        20         1      0.33         0  0.555401
0.216055            -212.511             46566.1

#        20         1      0.33         0  0.552486
0.211996            -209.164             45123.5

#        20         1      0.33         0  0.549602
0.200387            -205.027             43351.6

#        20         1      0.33         0  0.546747
0.194963            -201.399             41819.2

#        20         1      0.33         0  0.543922
0.18644            -197.592               40286

#        20         1      0.33         0  0.541126
0.183047            -193.925             38829.4

#        20         1      0.33         0  0.538358
0.177158            -190.605             37518.9

#        20         1      0.33         0  0.535619
0.174249            -187.985             36501.1

#        20         1      0.33         0  0.532907
0.168497             -184.77             35287.8

#        20         1      0.33         0  0.530223
0.162598            -181.712             34133.5

#        20         1      0.33         0  0.527565
0.160313            -178.953             33143.4

#        20         1      0.33         0  0.524934
0.1538            -175.676             31925.2

#        20         1      0.33         0   0.52233
0.154857            -173.225             31071.8

#        20         1      0.33         0  0.519751
0.149098            -170.286             30041.3

#        20         1      0.33         0  0.517197
0.143756            -167.611             29113.5

#        20         1      0.33         0  0.514668
0.142503            -165.299             28333.5

#        20         1      0.33         0  0.512164
0.139822             -162.64             27446.1

#        20         1      0.33         0  0.509684
0.13535            -159.972             26559.7

#        20         1      0.33         0  0.507228
0.132797            -157.693             25822.3

#        20         1      0.33         0  0.504796
0.132118            -155.396             25089.4

#        20         1      0.33         0  0.502386
0.129891            -153.039               24352

#        20         1      0.33         0       0.5
0.126423            -150.554             23595.1

