#    N    J    D    H   B
#     <|m|>       <E>    <E^2>

#        20         1      1.08         0        10
0.199938            -291.178             84787.8

#        20         1      1.08         0   9.13242
0.999301            -367.894              135360

#        20         1      1.08         0   8.40336
0.999835            -367.958              135400

#        20         1      1.08         0    7.7821
0.999902            -367.968              135406

#        20         1      1.08         0   7.24638
0.999749            -367.949              135394

#        20         1      1.08         0   6.77966
0.999792            -367.959              135400

#        20         1      1.08         0   6.36943
0.350423            -290.917             84635.5

#        20         1      1.08         0   6.00601
0.999673            -367.938              135388

#        20         1      1.08         0   5.68182
0.999753            -367.954              135397

#        20         1      1.08         0   5.39084
0.999966            -367.984              135417

#        20         1      1.08         0   5.12821
0.784936              -348.1              122336

#        20         1      1.08         0   4.88998
0.99986            -367.964              135403

#        20         1      1.08         0    4.6729
0.999742            -367.953              135396

#        20         1      1.08         0   4.47427
0.954897            -362.988              132139

#        20         1      1.08         0   4.29185
0.999727            -367.941              135389

#        20         1      1.08         0   4.12371
0.999822            -367.951              135395

#        20         1      1.08         0   3.96825
0.986011            -366.149              134215

#        20         1      1.08         0   3.82409
0.981859            -365.931              134072

#        20         1      1.08         0   3.69004
0.999876            -367.943              135387

#        20         1      1.08         0   3.56506
0.999686            -367.908              135365

#        20         1      1.08         0   3.44828
0.999846             -367.92              135371

#        20         1      1.08         0    3.3389
0.999829              -367.9              135356

#        20         1      1.08         0   3.23625
0.999587            -367.857              135326

#        20         1      1.08         0   3.13972
0.999697            -367.831              135308

#        20         1      1.08         0   3.04878
0.999575             -367.78              135270

#        20         1      1.08         0   2.96296
0.972175            -364.982              133449

#        20         1      1.08         0   2.88184
0.99046            -366.518              134442

#        20         1      1.08         0   2.80505
0.999505            -367.633              135161

#        20         1      1.08         0   2.73224
0.970463            -364.447              133089

#        20         1      1.08         0   2.66312
0.999528            -367.485              135051

#        20         1      1.08         0    2.5974
0.965464            -363.919              132735

#        20         1      1.08         0   2.53485
0.999142            -367.227              134865

#        20         1      1.08         0   2.47525
0.998935            -367.063              134747

#        20         1      1.08         0   2.41838
0.998896            -366.922              134641

#        20         1      1.08         0   2.36407
0.998761             -366.74              134509

#        20         1      1.08         0   2.31214
0.998615            -366.542              134364

#        20         1      1.08         0   2.26244
0.998521            -366.344              134217

#        20         1      1.08         0   2.21484
0.998287            -366.089              134033

#        20         1      1.08         0    2.1692
0.992451            -365.082              133360

#        20         1      1.08         0    2.1254
0.997673            -365.483              133593

#        20         1      1.08         0   2.08333
0.997514            -365.188              133376

#        20         1      1.08         0    2.0429
0.997039            -364.773              133076

#        20         1      1.08         0   2.00401
0.996794              -364.4              132804

#        20         1      1.08         0   1.96657
0.996412            -363.993              132508

#        20         1      1.08         0    1.9305
0.988943            -362.645              131612

#        20         1      1.08         0   1.89573
0.995626             -363.04              131817

#        20         1      1.08         0    1.8622
0.995068            -362.495              131426

#        20         1      1.08         0   1.82983
0.994533            -361.915              131009

#        20         1      1.08         0   1.79856
0.994062             -361.32              130580

#        20         1      1.08         0   1.76835
0.993515            -360.685              130123

#        20         1      1.08         0   1.73913
0.992898            -359.972              129611

#        20         1      1.08         0   1.71086
0.988151            -358.726              128762

#        20         1      1.08         0    1.6835
0.991523            -358.478              128542

#        20         1      1.08         0     1.657
0.989217            -357.397              127794

#        20         1      1.08         0   1.63132
0.988634            -356.606              127226

#        20         1      1.08         0   1.60643
0.989234            -355.889              126698

#        20         1      1.08         0   1.58228
0.988372            -354.987              126062

#        20         1      1.08         0   1.55885
0.972857            -352.265              124303

#        20         1      1.08         0    1.5361
0.986406            -352.911              124602

#        20         1      1.08         0     1.514
0.98559            -351.894              123885

#        20         1      1.08         0   1.49254
0.984277            -350.698              123052

#        20         1      1.08         0   1.47167
0.98018            -349.109              121983

#        20         1      1.08         0   1.45138
0.982166             -348.29              121374

#        20         1      1.08         0   1.43164
0.980925             -346.99              120479

#        20         1      1.08         0   1.41243
0.97984            -345.725              119604

#        20         1      1.08         0   1.39373
0.978628            -344.401              118692

#        20         1      1.08         0   1.37552
0.977223             -342.92              117681

#        20         1      1.08         0   1.35777
0.975569            -341.363              116623

#        20         1      1.08         0   1.34048
0.97434            -339.962              115671

#        20         1      1.08         0   1.32363
0.972887             -338.37              114596

#        20         1      1.08         0   1.30719
0.970417            -336.699              113488

#        20         1      1.08         0   1.29116
0.968037            -334.845              112276

#        20         1      1.08         0   1.27551
0.968211            -333.419              111285

#        20         1      1.08         0   1.26024
0.966195            -331.594              110083

#        20         1      1.08         0   1.24533
0.963364            -329.628              108802

#        20         1      1.08         0   1.23077
0.962574            -327.781              107583

#        20         1      1.08         0   1.21655
0.960847            -325.915              106365

#        20         1      1.08         0   1.20265
0.958942            -324.007              105132

#        20         1      1.08         0   1.18906
0.956834                -322              103847

#        20         1      1.08         0   1.17578
0.954887            -320.044              102599

#        20         1      1.08         0   1.16279
0.952868             -317.79              101163

#        20         1      1.08         0   1.15009
0.949956            -315.601             99798.1

#        20         1      1.08         0   1.13766
0.94851             -313.53             98490.4

#        20         1      1.08         0   1.12549
0.945605            -311.186             97045.8

#        20         1      1.08         0   1.11359
0.943794            -308.851             95593.7

#        20         1      1.08         0   1.10193
0.941269             -306.41             94104.1

#        20         1      1.08         0   1.09051
0.9388            -304.042             92667.6

#        20         1      1.08         0   1.07933
0.93619            -301.499             91135.6

#        20         1      1.08         0   1.06838
0.93349            -298.947             89614.6

#        20         1      1.08         0   1.05764
0.930769            -296.385             88099.5

#        20         1      1.08         0   1.04712
0.92796            -293.683             86512.5

#        20         1      1.08         0   1.03681
0.925039            -291.016             84965.6

#        20         1      1.08         0   1.02669
0.92241            -288.389             83452.3

#        20         1      1.08         0   1.01678
0.917894            -285.292             81706.7

#        20         1      1.08         0   1.00705
0.915947            -282.575             80159.4

#        20         1      1.08         0  0.997506
0.912994            -279.639             78516.1

#        20         1      1.08         0  0.988142
0.909554             -276.63             76856.3

#        20         1      1.08         0  0.978953
0.905723             -273.67             75246.6

#        20         1      1.08         0  0.969932
0.902726             -270.44             73496.8

#        20         1      1.08         0  0.961076
0.899603            -267.576             71965.5

#        20         1      1.08         0  0.952381
0.895101             -264.07             70127.5

#        20         1      1.08         0  0.943841
0.89163            -260.709             68368.4

#        20         1      1.08         0  0.935454
0.887786            -257.627             66793.6

#        20         1      1.08         0  0.927214
0.883996            -254.045               64970

#        20         1      1.08         0  0.919118
0.879628            -250.743             63320.8

#        20         1      1.08         0  0.911162
0.875983            -247.312             61624.3

#        20         1      1.08         0  0.903342
0.870962            -243.381             59715.4

#        20         1      1.08         0  0.895656
0.867229            -240.041               58117

#        20         1      1.08         0  0.888099
0.861516            -235.812             56134.5

#        20         1      1.08         0  0.880669
0.85752            -232.209               54454

#        20         1      1.08         0  0.873362
0.852074            -228.119             52598.2

#        20         1      1.08         0  0.866176
0.847457             -224.32             50896.9

#        20         1      1.08         0  0.859107
0.841985            -220.155             49069.9

#        20         1      1.08         0  0.852152
0.836079            -215.772             47190.5

#        20         1      1.08         0  0.845309
0.830033            -211.245             45282.5

#        20         1      1.08         0  0.838574
0.824143            -207.014             43533.1

#        20         1      1.08         0  0.831947
0.817713            -202.504             41703.8

#        20         1      1.08         0  0.825423
0.811946            -198.341             40069.7

#        20         1      1.08         0  0.819001
0.804587            -193.504             38195.7

#        20         1      1.08         0  0.812678
0.796697            -188.214             36225.5

#        20         1      1.08         0  0.806452
0.789853            -183.685             34572.1

#        20         1      1.08         0   0.80032
0.780693            -178.106             32585.2

#        20         1      1.08         0  0.794281
0.770787            -172.582             30708.5

#        20         1      1.08         0  0.788333
0.76172            -167.163             28905.2

#        20         1      1.08         0  0.782473
0.749649            -160.849             26906.5

#        20         1      1.08         0  0.776699
0.737292            -155.034             25159.8

#        20         1      1.08         0   0.77101
0.726909            -149.146               23379

#        20         1      1.08         0  0.765404
0.711847            -142.547             21535.6

#        20         1      1.08         0  0.759878
0.69819            -136.019             19781.8

#        20         1      1.08         0  0.754432
0.683831            -129.335             18050.6

#        20         1      1.08         0  0.749064
0.660644             -121.49             16181.2

#        20         1      1.08         0  0.743771
0.643949            -114.545             14593.3

#        20         1      1.08         0  0.738552
0.619063            -106.369             12883.9

#        20         1      1.08         0  0.733407
0.593832            -97.7716               11161

#        20         1      1.08         0  0.728332
0.562409            -89.0148              9581.9

#        20         1      1.08         0  0.723327
0.528243            -79.8886             8099.42

#        20         1      1.08         0  0.718391
0.499663            -71.5928             6819.13

#        20         1      1.08         0  0.713521
0.48388            -65.8321             5982.83

#        20         1      1.08         0  0.708717
0.448591            -57.0587             4901.14

#        20         1      1.08         0  0.703977
0.409751            -48.0664             3872.92

#        20         1      1.08         0  0.699301
0.389161            -41.7009             3207.89

#        20         1      1.08         0  0.694686
0.355455               -33.8             2518.66

#        20         1      1.08         0  0.690131
0.335453            -28.0877             2115.85

#        20         1      1.08         0  0.685636
0.311738            -21.8519             1702.77

#        20         1      1.08         0  0.681199
0.308749            -18.8556             1559.86

#        20         1      1.08         0  0.676819
0.287578            -13.3016             1319.18

#        20         1      1.08         0  0.672495
0.267625            -7.97637             1128.08

#        20         1      1.08         0  0.668226
0.24756            -2.94189             995.723

#        20         1      1.08         0  0.664011
0.236419            0.748308             942.971

#        20         1      1.08         0  0.659848
0.228556             4.31056             924.898

#        20         1      1.08         0  0.655738
0.218347             8.00966             945.541

#        20         1      1.08         0  0.651678
0.20634             11.8722              972.67

#        20         1      1.08         0  0.647668
0.200837             14.5472             1023.66

#        20         1      1.08         0  0.643708
0.189115             18.5356             1103.46

#        20         1      1.08         0  0.639795
0.184697             21.0914             1198.08

#        20         1      1.08         0   0.63593
0.178458             23.8588             1308.42

#        20         1      1.08         0  0.632111
0.17096              26.753             1419.39

#        20         1      1.08         0  0.628338
0.162994             29.6208             1570.15

#        20         1      1.08         0   0.62461
0.163726             31.6038             1688.37

#        20         1      1.08         0  0.620925
0.158075             34.3938             1849.32

#        20         1      1.08         0  0.617284
0.150758             36.9688             2016.55

#        20         1      1.08         0  0.613685
0.148769             38.9112             2146.52

#        20         1      1.08         0  0.610128
0.14324             41.5946             2353.86

#        20         1      1.08         0  0.606612
0.13954             43.5807             2500.87

#        20         1      1.08         0  0.603136
0.139419             45.5654             2674.82

#        20         1      1.08         0    0.5997
0.134681                47.5             2850.04

#        20         1      1.08         0  0.596303
0.132168             49.5888             3039.88

#        20         1      1.08         0  0.592944
0.129102             51.5168             3227.27

#        20         1      1.08         0  0.589623
0.126156             53.4504             3420.39

#        20         1      1.08         0  0.586338
0.12296             55.2961             3611.78

#        20         1      1.08         0   0.58309
0.122302              57.078             3806.33

#        20         1      1.08         0  0.579878
0.118834             58.8118             3997.49

#        20         1      1.08         0  0.576701
0.115977             60.6851             4219.65

#        20         1      1.08         0  0.573559
0.115958             62.2202             4404.21

#        20         1      1.08         0  0.570451
0.113214             63.7974                4594

#        20         1      1.08         0  0.567376
0.111247             65.5558             4815.08

#        20         1      1.08         0  0.564334
0.110775             66.8535             4983.15

#        20         1      1.08         0  0.561325
0.107899             68.5324             5198.33

#        20         1      1.08         0  0.558347
0.106313             70.0454             5403.63

#        20         1      1.08         0  0.555401
0.104336             71.4144             5595.94

#        20         1      1.08         0  0.552486
0.103584              73.016             5818.87

#        20         1      1.08         0  0.549602
0.101105              74.383             6016.96

#        20         1      1.08         0  0.546747
0.100505              75.784             6224.03

#        20         1      1.08         0  0.543922
0.0995488             77.0591             6420.22

#        20         1      1.08         0  0.541126
0.098623             78.4163             6620.01

#        20         1      1.08         0  0.538358
0.0963834             79.7291             6823.04

#        20         1      1.08         0  0.535619
0.0948847             81.1834             7054.18

#        20         1      1.08         0  0.532907
0.094129             82.3032             7236.42

#        20         1      1.08         0  0.530223
0.0932943             83.5141             7431.57

#        20         1      1.08         0  0.527565
0.0922419             84.9249             7666.06

#        20         1      1.08         0  0.524934
0.0918316             85.9692             7840.29

#        20         1      1.08         0   0.52233
0.0898257             87.1706             8047.34

#        20         1      1.08         0  0.519751
0.0891213             88.2935             8241.93

#        20         1      1.08         0  0.517197
0.0894346             89.3549             8426.22

#        20         1      1.08         0  0.514668
0.0891405             90.3428             8604.01

#        20         1      1.08         0  0.512164
0.0869677             91.6681             8839.08

#        20         1      1.08         0  0.509684
0.0862167             92.6062                9012

#        20         1      1.08         0  0.507228
0.0857678             93.6592             9206.29

#        20         1      1.08         0  0.504796
0.0838269             94.9153             9438.92

#        20         1      1.08         0  0.502386
0.0837152             95.7722             9598.07

#        20         1      1.08         0       0.5
0.0830868             96.8212             9800.02

