#    N    J    D    H   B
#     <|m|>       <E>    <E^2>

#        20         1      0.56         0        10
0.994268            -575.086              330817

#        20         1      0.56         0   9.13242
0.999857            -575.953              331728

#        20         1      0.56         0   8.40336
0.100042            -495.859              245884

#        20         1      0.56         0    7.7821
0.998654            -575.744              331506

#        20         1      0.56         0   7.24638
0.99899            -575.807              331573

#        20         1      0.56         0   6.77966
0.999621            -575.912              331685

#        20         1      0.56         0   6.36943
0.999718            -575.925              331701

#        20         1      0.56         0   6.00601
0.99981            -575.947              331724

#        20         1      0.56         0   5.68182
0.399573            -495.923              245943

#        20         1      0.56         0   5.39084
0.499972            -495.915              245935

#        20         1      0.56         0   5.12821
0.999861             -575.96              331736

#        20         1      0.56         0   4.88998
0.399895            -495.861              245882

#        20         1      0.56         0    4.6729
0.999923            -575.973              331750

#        20         1      0.56         0   4.47427
0.999696            -575.929              331705

#        20         1      0.56         0   4.29185
0.9997            -575.932              331709

#        20         1      0.56         0   4.12371
0.16325            -495.532              245556

#        20         1      0.56         0   3.96825
0.999832            -575.956              331733

#        20         1      0.56         0   3.82409
0.999705            -575.939              331714

#        20         1      0.56         0   3.69004
0.999816            -575.955              331731

#        20         1      0.56         0   3.56506
0.999862            -575.954              331731

#        20         1      0.56         0   3.44828
0.999947             -575.97              331747

#        20         1      0.56         0    3.3389
0.999739            -575.929              331704

#        20         1      0.56         0   3.23625
0.999696            -575.922              331695

#        20         1      0.56         0   3.13972
0.999878            -575.941              331716

#        20         1      0.56         0   3.04878
0.999818            -575.923              331694

#        20         1      0.56         0   2.96296
0.999801            -575.909              331679

#        20         1      0.56         0   2.88184
0.674226            -541.389              294799

#        20         1      0.56         0   2.80505
0.999524            -575.826              331591

#        20         1      0.56         0   2.73224
0.999768            -575.847              331607

#        20         1      0.56         0   2.66312
0.999706            -575.805              331559

#        20         1      0.56         0    2.5974
0.999692            -575.773              331524

#        20         1      0.56         0   2.53485
0.973657            -572.531              328066

#        20         1      0.56         0   2.47525
0.99966            -575.689              331425

#        20         1      0.56         0   2.41838
0.999689            -575.632              331360

#        20         1      0.56         0   2.36407
0.994018            -574.694              330358

#        20         1      0.56         0   2.31214
0.999441            -575.456              331162

#        20         1      0.56         0   2.26244
0.999499            -575.395              331087

#        20         1      0.56         0   2.21484
0.999315            -575.266              330941

#        20         1      0.56         0    2.1692
0.999259            -575.148              330806

#        20         1      0.56         0    2.1254
0.999084            -575.014              330653

#        20         1      0.56         0   2.08333
0.999132            -574.901              330521

#        20         1      0.56         0    2.0429
0.983571            -572.597              328073

#        20         1      0.56         0   2.00401
0.998882            -574.548              330117

#        20         1      0.56         0   1.96657
0.998752            -574.349              329888

#        20         1      0.56         0    1.9305
0.99025            -573.095              328549

#        20         1      0.56         0   1.89573
0.998234            -573.879              329353

#        20         1      0.56         0    1.8622
0.998212            -573.632              329068

#        20         1      0.56         0   1.82983
0.997962            -573.347              328742

#        20         1      0.56         0   1.79856
0.997706            -573.029              328381

#        20         1      0.56         0   1.76835
0.981507             -570.79              326003

#        20         1      0.56         0   1.73913
0.997285            -572.371              327627

#        20         1      0.56         0   1.71086
0.980219            -569.793              324893

#        20         1      0.56         0    1.6835
0.996713            -571.562              326704

#        20         1      0.56         0     1.657
0.996202            -571.108              326192

#        20         1      0.56         0   1.63132
0.980406             -568.69              323631

#        20         1      0.56         0   1.60643
0.992218            -569.676              324609

#        20         1      0.56         0   1.58228
0.994818            -569.576              324461

#        20         1      0.56         0   1.55885
0.993154            -568.854              323657

#        20         1      0.56         0    1.5361
0.994342             -568.55              323286

#        20         1      0.56         0     1.514
0.993973            -567.966              322622

#        20         1      0.56         0   1.49254
0.993302              -567.3              321873

#        20         1      0.56         0   1.47167
0.993008            -566.633              321112

#        20         1      0.56         0   1.45138
0.992464            -565.906              320292

#        20         1      0.56         0   1.43164
0.990393            -564.963              319254

#        20         1      0.56         0   1.41243
0.990003             -564.17              318356

#        20         1      0.56         0   1.39373
0.990759            -563.602              317699

#        20         1      0.56         0   1.37552
0.989711            -562.671              316664

#        20         1      0.56         0   1.35777
0.967195            -559.017              312850

#        20         1      0.56         0   1.34048
0.988591            -560.928              314706

#        20         1      0.56         0   1.32363
0.986791            -559.786              313446

#        20         1      0.56         0   1.30719
0.987244            -558.928              312469

#        20         1      0.56         0   1.29116
0.985363            -557.799              311229

#        20         1      0.56         0   1.27551
0.985601            -556.881              310195

#        20         1      0.56         0   1.26024
0.984495            -555.709              308901

#        20         1      0.56         0   1.24533
0.971494             -553.04              306112

#        20         1      0.56         0   1.23077
0.983004            -553.424              306371

#        20         1      0.56         0   1.21655
0.981916            -552.187              305009

#        20         1      0.56         0   1.20265
0.980961            -550.955              303656

#        20         1      0.56         0   1.18906
0.978077            -549.411              301988

#        20         1      0.56         0   1.17578
0.978441             -548.26              300713

#        20         1      0.56         0   1.16279
0.974481            -546.392              298723

#        20         1      0.56         0   1.15009
0.976775             -545.49              297685

#        20         1      0.56         0   1.13766
0.975733            -544.004              296068

#        20         1      0.56         0   1.12549
0.974488            -542.535              294481

#        20         1      0.56         0   1.11359
0.973398            -541.061              292888

#        20         1      0.56         0   1.10193
0.972053             -539.34              291037

#        20         1      0.56         0   1.09051
0.970684            -537.746              289327

#        20         1      0.56         0   1.07933
0.96949            -536.045              287505

#        20         1      0.56         0   1.06838
0.968063            -534.416              285771

#        20         1      0.56         0   1.05764
0.966636            -532.555              283793

#        20         1      0.56         0   1.04712
0.962636            -530.514              281671

#        20         1      0.56         0   1.03681
0.963752            -528.878              279901

#        20         1      0.56         0   1.02669
0.962107            -526.935              277864

#        20         1      0.56         0   1.01678
0.960459            -525.044              275888

#        20         1      0.56         0   1.00705
0.958716            -523.022              273778

#        20         1      0.56         0  0.997506
0.957308            -521.011              271679

#        20         1      0.56         0  0.988142
0.955669            -518.959              269556

#        20         1      0.56         0  0.978953
0.953904             -516.84              267369

#        20         1      0.56         0  0.969932
0.951925            -514.556              265026

#        20         1      0.56         0  0.961076
0.950183            -512.428              262851

#        20         1      0.56         0  0.952381
0.948463            -510.174              260551

#        20         1      0.56         0  0.943841
0.946409            -507.743              258090

#        20         1      0.56         0  0.935454
0.944523            -505.425              255749

#        20         1      0.56         0  0.927214
0.938097            -502.302              252698

#        20         1      0.56         0  0.919118
0.940189            -500.362              250686

#        20         1      0.56         0  0.911162
0.938223            -498.045              248385

#        20         1      0.56         0  0.903342
0.935892            -495.335              245705

#        20         1      0.56         0  0.895656
0.933706            -492.769              243183

#        20         1      0.56         0  0.888099
0.931408            -490.029              240497

#        20         1      0.56         0  0.880669
0.92876            -487.163              237718

#        20         1      0.56         0  0.873362
0.926448            -484.354              234996

#        20         1      0.56         0  0.866176
0.923786            -481.363              232129

#        20         1      0.56         0  0.859107
0.921399            -478.724              229603

#        20         1      0.56         0  0.852152
0.918727            -475.802              226835

#        20         1      0.56         0  0.845309
0.915547            -472.389              223622

#        20         1      0.56         0  0.838574
0.913249            -469.643              221038

#        20         1      0.56         0  0.831947
0.909333            -466.231              217884

#        20         1      0.56         0  0.825423
0.907145            -463.159              215035

#        20         1      0.56         0  0.819001
0.904116            -459.757              211910

#        20         1      0.56         0  0.812678
0.900327            -456.347              208815

#        20         1      0.56         0  0.806452
0.897584             -452.95              205741

#        20         1      0.56         0   0.80032
0.894365            -449.435              202588

#        20         1      0.56         0  0.794281
0.890665            -445.742              199306

#        20         1      0.56         0  0.788333
0.887103            -441.963              195969

#        20         1      0.56         0  0.782473
0.883522             -438.36              192824

#        20         1      0.56         0  0.776699
0.879574            -434.494              189475

#        20         1      0.56         0   0.77101
0.875861            -430.626              186142

#        20         1      0.56         0  0.765404
0.871442            -426.487              182629

#        20         1      0.56         0  0.759878
0.866436            -422.232              179057

#        20         1      0.56         0  0.754432
0.862931            -418.322              175789

#        20         1      0.56         0  0.749064
0.858245            -413.872              172112

#        20         1      0.56         0  0.743771
0.853248            -409.318              168399

#        20         1      0.56         0  0.738552
0.84881            -405.299              165152

#        20         1      0.56         0  0.733407
0.842446            -400.154              161054

#        20         1      0.56         0  0.728332
0.836949            -395.153              157118

#        20         1      0.56         0  0.723327
0.832087            -390.799              153705

#        20         1      0.56         0  0.718391
0.825292            -385.479              149634

#        20         1      0.56         0  0.713521
0.819182             -380.37              145756

#        20         1      0.56         0  0.708717
0.812119            -375.038              141775

#        20         1      0.56         0  0.703977
0.804258            -369.409              137653

#        20         1      0.56         0  0.699301
0.79686            -363.936              133706

#        20         1      0.56         0  0.694686
0.787685            -358.012              129503

#        20         1      0.56         0  0.690131
0.779076            -351.883              125203

#        20         1      0.56         0  0.685636
0.770275            -346.299              121368

#        20         1      0.56         0  0.681199
0.761328             -339.92              117026

#        20         1      0.56         0  0.676819
0.745397            -332.132              111953

#        20         1      0.56         0  0.672495
0.73578            -325.829              107851

#        20         1      0.56         0  0.668226
0.718237            -317.473              102614

#        20         1      0.56         0  0.664011
0.702574            -309.959             97977.9

#        20         1      0.56         0  0.659848
0.689067            -302.845             93682.7

#        20         1      0.56         0  0.655738
0.66512            -293.634             88348.2

#        20         1      0.56         0  0.651678
0.644363            -284.986             83435.1

#        20         1      0.56         0  0.647668
0.621219            -275.688             78308.5

#        20         1      0.56         0  0.643708
0.594595            -266.889             73610.5

#        20         1      0.56         0  0.639795
0.57217            -257.675             68800.2

#        20         1      0.56         0   0.63593
0.533364            -246.392             63130.6

#        20         1      0.56         0  0.632111
0.514804            -238.714             59395.4

#        20         1      0.56         0  0.628338
0.4713            -227.473             54112.5

#        20         1      0.56         0   0.62461
0.446064            -219.366             50476.7

#        20         1      0.56         0  0.620925
0.420877            -210.919             46738.6

#        20         1      0.56         0  0.617284
0.397044            -203.355               43484

#        20         1      0.56         0  0.613685
0.375861            -196.256             40557.7

#        20         1      0.56         0  0.610128
0.355668            -189.515             37897.7

#        20         1      0.56         0  0.606612
0.330312            -182.265             35024.4

#        20         1      0.56         0  0.603136
0.311648            -176.727             32988.1

#        20         1      0.56         0    0.5997
0.293408            -170.214             30634.6

#        20         1      0.56         0  0.596303
0.278395            -164.783             28725.2

#        20         1      0.56         0  0.592944
0.27083            -160.303             27208.4

#        20         1      0.56         0  0.589623
0.246955            -154.535             25305.5

#        20         1      0.56         0  0.586338
0.240619            -150.275             23953.7

#        20         1      0.56         0   0.58309
0.232105            -146.314             22735.5

#        20         1      0.56         0  0.579878
0.223868            -142.346             21542.1

#        20         1      0.56         0  0.576701
0.213246            -138.126               20315

#        20         1      0.56         0  0.573559
0.204878            -134.489             19274.5

#        20         1      0.56         0  0.570451
0.195817            -130.461             18147.3

#        20         1      0.56         0  0.567376
0.192596             -127.65             17415.1

#        20         1      0.56         0  0.564334
0.184272            -123.898             16437.5

#        20         1      0.56         0  0.561325
0.17844            -120.434             15565.8

#        20         1      0.56         0  0.558347
0.172209            -117.118             14741.1

#        20         1      0.56         0  0.555401
0.167235            -114.139             14031.7

#        20         1      0.56         0  0.552486
0.164331            -111.788             13486.1

#        20         1      0.56         0  0.549602
0.157179            -108.663             12780.8

#        20         1      0.56         0  0.546747
0.155559            -105.956             12176.6

#        20         1      0.56         0  0.543922
0.150865            -103.122             11560.1

#        20         1      0.56         0  0.541126
0.14619            -100.633             11044.7

#        20         1      0.56         0  0.538358
0.143803            -97.9201             10483.6

#        20         1      0.56         0  0.535619
0.141523            -95.9326             10084.3

#        20         1      0.56         0  0.532907
0.13665            -93.0164             9508.02

#        20         1      0.56         0  0.530223
0.135906            -91.1123             9159.41

#        20         1      0.56         0  0.527565
0.131708            -88.5612             8693.27

#        20         1      0.56         0  0.524934
0.131138            -86.8287             8379.76

#        20         1      0.56         0   0.52233
0.128428            -84.2409             7916.23

#        20         1      0.56         0  0.519751
0.124216            -82.0884             7549.28

#        20         1      0.56         0  0.517197
0.123493            -80.1496             7221.41

#        20         1      0.56         0  0.514668
0.120788            -77.9999             6873.79

#        20         1      0.56         0  0.512164
0.119549            -76.2486             6595.85

#        20         1      0.56         0  0.509684
0.117989             -74.339             6301.58

#        20         1      0.56         0  0.507228
0.116038            -72.7385             6050.44

#        20         1      0.56         0  0.504796
0.113295            -70.5707             5733.11

#        20         1      0.56         0  0.502386
0.111404            -68.7121             5462.83

#        20         1      0.56         0       0.5
0.110582             -66.954             5221.55

