#    N    J    D    H   B
#     <|m|>       <E>    <E^2>

#        20         1      0.04         0        10
0.999777            -783.949              614585

#        20         1      0.04         0   9.13242
0.0999777            -703.977              495588

#        20         1      0.04         0   8.40336
0.999827            -783.959              614599

#        20         1      0.04         0    7.7821
0.999864            -783.963              614605

#        20         1      0.04         0   7.24638
0.999901            -783.966              614611

#        20         1      0.04         0   6.77966
0.99983            -783.958              614599

#        20         1      0.04         0   6.36943
0.199999            -703.983              495596

#        20         1      0.04         0   6.00601
0.999958            -783.979              614630

#        20         1      0.04         0   5.68182
0.0999867            -703.978              495589

#        20         1      0.04         0   5.39084
0.999877            -783.965              614609

#        20         1      0.04         0   5.12821
0.99982            -783.952              614591

#        20         1      0.04         0   4.88998
0.999894            -783.968              614613

#        20         1      0.04         0    4.6729
0.999968            -783.983              614634

#        20         1      0.04         0   4.47427
4.48891e-05            -703.952              495554

#        20         1      0.04         0   4.29185
0.19996            -703.936              495530

#        20         1      0.04         0   4.12371
0.999769            -783.953              614590

#        20         1      0.04         0   3.96825
0.100012            -703.918              495503

#        20         1      0.04         0   3.82409
0.999845            -783.963              614606

#        20         1      0.04         0   3.69004
0.997977            -783.621              614124

#        20         1      0.04         0   3.56506
0.048868            -703.819              495365

#        20         1      0.04         0   3.44828
0.999819            -783.953              614592

#        20         1      0.04         0    3.3389
0.185267            -703.725              495234

#        20         1      0.04         0   3.23625
0.100663            -703.659              495142

#        20         1      0.04         0   3.13972
0.0535075            -703.575              495023

#        20         1      0.04         0   3.04878
0.15977            -703.478              494886

#        20         1      0.04         0   2.96296
0.103218            -703.352              494710

#        20         1      0.04         0   2.88184
0.999823            -783.943              614575

#        20         1      0.04         0   2.80505
0.999851            -783.933              614561

#        20         1      0.04         0   2.73224
0.999918            -783.945              614576

#        20         1      0.04         0   2.66312
0.999923            -783.932              614558

#        20         1      0.04         0    2.5974
0.999721             -783.89              614494

#        20         1      0.04         0   2.53485
0.966385            -778.696              606776

#        20         1      0.04         0   2.47525
0.872363            -767.896              590730

#        20         1      0.04         0   2.41838
0.999701            -783.835              614409

#        20         1      0.04         0   2.36407
0.999731            -783.823              614386

#        20         1      0.04         0   2.31214
0.999697             -783.78              614321

#        20         1      0.04         0   2.26244
0.922199            -774.012              599821

#        20         1      0.04         0   2.21484
0.999811            -783.732              614243

#        20         1      0.04         0    2.1692
0.979401            -780.882              610013

#        20         1      0.04         0    2.1254
0.999687            -783.621              614071

#        20         1      0.04         0   2.08333
0.999636            -783.553              613965

#        20         1      0.04         0    2.0429
0.999437            -783.453              613810

#        20         1      0.04         0   2.00401
0.928437            -774.759              600935

#        20         1      0.04         0   1.96657
0.974476            -779.852              608467

#        20         1      0.04         0    1.9305
0.985118            -780.965              610109

#        20         1      0.04         0   1.89573
0.983025            -781.212              610465

#        20         1      0.04         0    1.8622
0.99929            -782.961              613039

#        20         1      0.04         0   1.82983
0.999206            -782.826              612828

#        20         1      0.04         0   1.79856
0.999059            -782.662              612573

#        20         1      0.04         0   1.76835
0.998916            -782.492              612308

#        20         1      0.04         0   1.73913
0.974454             -779.36              607680

#        20         1      0.04         0   1.71086
0.998792            -782.144              611762

#        20         1      0.04         0    1.6835
0.998631            -781.925              611424

#        20         1      0.04         0     1.657
0.981469             -779.28              607515

#        20         1      0.04         0   1.63132
0.998311            -781.423              610639

#        20         1      0.04         0   1.60643
0.998085            -781.147              610210

#        20         1      0.04         0   1.58228
0.997987            -780.857              609756

#        20         1      0.04         0   1.55885
0.997766             -780.57              609311

#        20         1      0.04         0    1.5361
0.993304            -779.645              607927

#        20         1      0.04         0     1.514
0.997215            -779.892              608259

#        20         1      0.04         0   1.49254
0.997077            -779.498              607645

#        20         1      0.04         0   1.47167
0.996548            -779.062              606974

#        20         1      0.04         0   1.45138
0.996528            -778.717              606431

#        20         1      0.04         0   1.43164
0.996288            -778.277              605746

#        20         1      0.04         0   1.41243
0.995896            -777.783              604983

#        20         1      0.04         0   1.39373
0.995673            -777.289              604214

#        20         1      0.04         0   1.37552
0.991671            -776.191              602569

#        20         1      0.04         0   1.35777
0.994168            -776.076              602351

#        20         1      0.04         0   1.34048
0.991547            -775.251              601103

#        20         1      0.04         0   1.32363
0.994256            -775.096              600818

#        20         1      0.04         0   1.30719
0.993819            -774.504              599904

#        20         1      0.04         0   1.29116
0.985393            -772.579              597054

#        20         1      0.04         0   1.27551
0.992939            -773.121              597772

#        20         1      0.04         0   1.26024
0.988357            -771.779              595766

#        20         1      0.04         0   1.24533
0.992046            -771.694              595570

#        20         1      0.04         0   1.23077
0.986587            -770.314              593520

#        20         1      0.04         0   1.21655
0.98953            -769.936              592890

#        20         1      0.04         0   1.20265
0.988534            -768.974              591429

#        20         1      0.04         0   1.18906
0.98972            -768.382              590492

#        20         1      0.04         0   1.17578
0.989287            -767.496              589129

#        20         1      0.04         0   1.16279
0.988416            -766.503              587616

#        20         1      0.04         0   1.15009
0.988142            -765.639              586287

#        20         1      0.04         0   1.13766
0.980907            -763.661              583379

#        20         1      0.04         0   1.12549
0.98685            -763.646              583249

#        20         1      0.04         0   1.11359
0.986086            -762.574              581620

#        20         1      0.04         0   1.10193
0.985337            -761.411              579851

#        20         1      0.04         0   1.09051
0.984552            -760.285              578145

#        20         1      0.04         0   1.07933
0.981315            -758.688              575772

#        20         1      0.04         0   1.06838
0.982929            -757.857              574470

#        20         1      0.04         0   1.05764
0.98211            -756.668              572676

#        20         1      0.04         0   1.04712
0.981404            -755.524              570949

#        20         1      0.04         0   1.03681
0.974929            -753.211              567559

#        20         1      0.04         0   1.02669
0.979616            -752.822              566885

#        20         1      0.04         0   1.01678
0.97845            -751.286              564588

#        20         1      0.04         0   1.00705
0.976305            -749.736              562283

#        20         1      0.04         0  0.997506
0.972456             -747.88              559564

#        20         1      0.04         0  0.988142
0.975495            -746.814              557908

#        20         1      0.04         0  0.978953
0.974576            -745.341              555717

#        20         1      0.04         0  0.969932
0.967778            -742.877              552152

#        20         1      0.04         0  0.961076
0.969609            -741.639              550270

#        20         1      0.04         0  0.952381
0.969926            -740.314              548299

#        20         1      0.04         0  0.943841
0.967271            -738.378              545467

#        20         1      0.04         0  0.935454
0.968797            -736.984              543372

#        20         1      0.04         0  0.927214
0.967443            -735.138              540662

#        20         1      0.04         0  0.919118
0.9661            -733.171              537785

#        20         1      0.04         0  0.911162
0.964779            -731.358              535145

#        20         1      0.04         0  0.903342
0.961429            -729.195              532028

#        20         1      0.04         0  0.895656
0.962265            -727.512              529545

#        20         1      0.04         0  0.888099
0.960813            -725.526              526672

#        20         1      0.04         0  0.880669
0.958909            -723.346              523533

#        20         1      0.04         0  0.873362
0.9578            -721.385              520702

#        20         1      0.04         0  0.866176
0.95595            -719.088              517416

#        20         1      0.04         0  0.859107
0.954806             -716.97              514372

#        20         1      0.04         0  0.852152
0.95316            -714.747              511204

#        20         1      0.04         0  0.845309
0.951291            -712.311              507744

#        20         1      0.04         0  0.838574
0.949732            -709.998              504464

#        20         1      0.04         0  0.831947
0.947722            -707.516              500970

#        20         1      0.04         0  0.825423
0.946135             -705.12              497586

#        20         1      0.04         0  0.819001
0.943994              -702.4              493782

#        20         1      0.04         0  0.812678
0.938523            -699.361              489609

#        20         1      0.04         0  0.806452
0.940155            -697.487              486936

#        20         1      0.04         0   0.80032
0.93818            -694.556              482870

#        20         1      0.04         0  0.794281
0.936134            -691.757              478998

#        20         1      0.04         0  0.788333
0.933982            -688.999              475213

#        20         1      0.04         0  0.782473
0.931497            -686.108              471264

#        20         1      0.04         0  0.776699
0.929539            -683.191              467281

#        20         1      0.04         0   0.77101
0.927293            -680.392              463478

#        20         1      0.04         0  0.765404
0.92484             -677.33              459349

#        20         1      0.04         0  0.759878
0.922231            -673.904              454736

#        20         1      0.04         0  0.754432
0.91961            -670.622              450342

#        20         1      0.04         0  0.749064
0.917092            -667.579              446295

#        20         1      0.04         0  0.743771
0.913878            -663.933              441470

#        20         1      0.04         0  0.738552
0.910796             -660.57              437040

#        20         1      0.04         0  0.733407
0.908625            -657.216              432638

#        20         1      0.04         0  0.728332
0.905727            -653.861              428259

#        20         1      0.04         0  0.723327
0.902283            -649.944              423191

#        20         1      0.04         0  0.718391
0.898507            -646.116              418275

#        20         1      0.04         0  0.713521
0.895826            -642.375              413455

#        20         1      0.04         0  0.708717
0.892351            -638.601              408658

#        20         1      0.04         0  0.703977
0.889048            -634.631              403622

#        20         1      0.04         0  0.699301
0.885147            -630.314              398190

#        20         1      0.04         0  0.694686
0.881337            -626.198              393052

#        20         1      0.04         0  0.690131
0.877669            -622.143              388025

#        20         1      0.04         0  0.685636
0.872889            -617.496              382313

#        20         1      0.04         0  0.681199
0.869052            -613.384              377289

#        20         1      0.04         0  0.676819
0.862642            -607.896              370655

#        20         1      0.04         0  0.672495
0.859592            -603.824              365722

#        20         1      0.04         0  0.668226
0.854494            -599.001              359977

#        20         1      0.04         0  0.664011
0.849233            -593.975              354024

#        20         1      0.04         0  0.659848
0.842938            -588.752              347918

#        20         1      0.04         0  0.655738
0.838042            -583.591              341894

#        20         1      0.04         0  0.651678
0.831966            -577.879              335299

#        20         1      0.04         0  0.647668
0.82624            -572.924              329659

#        20         1      0.04         0  0.643708
0.818983             -567.08              323066

#        20         1      0.04         0  0.639795
0.80964            -560.693              315978

#        20         1      0.04         0   0.63593
0.80265            -554.329              308923

#        20         1      0.04         0  0.632111
0.793278            -547.882              301915

#        20         1      0.04         0  0.628338
0.785204            -541.705              295229

#        20         1      0.04         0   0.62461
0.775257            -534.898              287990

#        20         1      0.04         0  0.620925
0.764962            -528.042              280797

#        20         1      0.04         0  0.617284
0.746397             -519.17              271723

#        20         1      0.04         0  0.613685
0.735901            -511.848              264227

#        20         1      0.04         0  0.610128
0.727017            -505.704              258043

#        20         1      0.04         0  0.606612
0.710471            -497.061              249478

#        20         1      0.04         0  0.603136
0.684945            -486.545              239344

#        20         1      0.04         0    0.5997
0.664416            -477.214              230465

#        20         1      0.04         0  0.596303
0.642477            -467.707              221583

#        20         1      0.04         0  0.592944
0.623906            -459.702              214242

#        20         1      0.04         0  0.589623
0.599913            -450.256              205752

#        20         1      0.04         0  0.586338
0.569605            -439.504              196199

#        20         1      0.04         0   0.58309
0.538611            -428.466              186667

#        20         1      0.04         0  0.579878
0.516961            -419.587              179041

#        20         1      0.04         0  0.576701
0.483564            -409.883              171000

#        20         1      0.04         0  0.573559
0.456221            -399.502              162483

#        20         1      0.04         0  0.570451
0.437408            -392.261              156665

#        20         1      0.04         0  0.567376
0.417678            -384.971              150893

#        20         1      0.04         0  0.564334
0.401176            -377.454              145109

#        20         1      0.04         0  0.561325
0.36787             -368.79              138502

#        20         1      0.04         0  0.558347
0.342195            -359.977              131917

#        20         1      0.04         0  0.555401
0.319563            -353.279              126992

#        20         1      0.04         0  0.552486
0.305843            -347.455              122898

#        20         1      0.04         0  0.549602
0.295866             -341.79              118845

#        20         1      0.04         0  0.546747
0.272493            -335.393              114402

#        20         1      0.04         0  0.543922
0.269718            -330.836              111359

#        20         1      0.04         0  0.541126
0.253772            -324.928              107351

#        20         1      0.04         0  0.538358
0.24461            -320.628              104554

#        20         1      0.04         0  0.535619
0.229561             -315.09              100923

#        20         1      0.04         0  0.532907
0.22212            -311.265             98539.1

#        20         1      0.04         0  0.530223
0.213364            -306.523             95525.6

#        20         1      0.04         0  0.527565
0.209436            -303.103               93393

#        20         1      0.04         0  0.524934
0.203476            -299.532             91221.1

#        20         1      0.04         0   0.52233
0.192914            -294.833               88379

#        20         1      0.04         0  0.519751
0.189267            -291.411             86327.8

#        20         1      0.04         0  0.517197
0.180847            -287.512               84045

#        20         1      0.04         0  0.514668
0.178218            -284.407             82243.5

#        20         1      0.04         0  0.512164
0.171808            -281.217             80409.7

#        20         1      0.04         0  0.509684
0.16447            -277.307             78190.8

#        20         1      0.04         0  0.507228
0.162432            -274.493             76618.5

#        20         1      0.04         0  0.504796
0.1623            -271.854             75149.5

#        20         1      0.04         0  0.502386
0.15786            -268.681             73428.5

#        20         1      0.04         0       0.5
0.150577            -265.206             71526.5

