#    N    J    D    H   B
#     <|m|>       <E>    <E^2>

#        20         1      1.29         0        10
0.997741            -283.668             80498.3

#        20         1      1.29         0   9.13242
0.999423            -283.874             80596.9

#        20         1      1.29         0   8.40336
0.999521            -283.892             80607.8

#        20         1      1.29         0    7.7821
0.999147            -283.851               80588

#        20         1      1.29         0   7.24638
0.100108            -215.542             46461.8

#        20         1      1.29         0   6.77966
0.999326            -283.887             80603.7

#        20         1      1.29         0   6.36943
0.290016            -215.501             46444.9

#        20         1      1.29         0   6.00601
0.99968            -283.938             80627.7

#        20         1      1.29         0   5.68182
0.999557            -283.915             80617.9

#        20         1      1.29         0   5.39084
0.999707            -283.939             80629.6

#        20         1      1.29         0   5.12821
0.999913            -283.971             80644.2

#        20         1      1.29         0   4.88998
0.999664            -283.932             80625.7

#        20         1      1.29         0    4.6729
0.999826            -283.954             80635.6

#        20         1      1.29         0   4.47427
0.99981            -283.949             80633.8

#        20         1      1.29         0   4.29185
0.99979            -283.948               80632

#        20         1      1.29         0   4.12371
0.280738            -221.545             49561.4

#        20         1      1.29         0   3.96825
0.999604             -283.91             80612.7

#        20         1      1.29         0   3.82409
0.999675            -283.913             80613.2

#        20         1      1.29         0   3.69004
0.99976            -283.908             80609.8

#        20         1      1.29         0   3.56506
0.99975            -283.891             80599.2

#        20         1      1.29         0   3.44828
0.887148            -272.658             75042.4

#        20         1      1.29         0    3.3389
0.999505             -283.81             80556.5

#        20         1      1.29         0   3.23625
0.999668            -283.792             80544.1

#        20         1      1.29         0   3.13972
0.999482            -283.726             80508.5

#        20         1      1.29         0   3.04878
0.999664             -283.69             80485.6

#        20         1      1.29         0   2.96296
0.99956            -283.605             80438.2

#        20         1      1.29         0   2.88184
0.999251            -283.488             80374.1

#        20         1      1.29         0   2.80505
0.999311            -283.403             80325.6

#        20         1      1.29         0   2.73224
0.999265            -283.293             80261.6

#        20         1      1.29         0   2.66312
0.982438            -281.464             79360.8

#        20         1      1.29         0    2.5974
0.982974            -281.443               79337

#        20         1      1.29         0   2.53485
0.998555            -282.765             79967.2

#        20         1      1.29         0   2.47525
0.985954            -281.112             79150.1

#        20         1      1.29         0   2.41838
0.998375            -282.352             79732.9

#        20         1      1.29         0   2.36407
0.998082            -282.084             79581.2

#        20         1      1.29         0   2.31214
0.997801            -281.787             79415.7

#        20         1      1.29         0   2.26244
0.997506            -281.466             79235.9

#        20         1      1.29         0   2.21484
0.997256            -281.099             79028.4

#        20         1      1.29         0    2.1692
0.961252            -277.092             77088.5

#        20         1      1.29         0    2.1254
0.99622             -280.26             78564.4

#        20         1      1.29         0   2.08333
0.99577            -279.778             78296.3

#        20         1      1.29         0    2.0429
0.995447            -279.311             78033.1

#        20         1      1.29         0   2.00401
0.995033            -278.815             77757.8

#        20         1      1.29         0   1.96657
0.994365            -278.196             77416.7

#        20         1      1.29         0    1.9305
0.993822            -277.524             77042.7

#        20         1      1.29         0   1.89573
0.993204            -276.887             76691.4

#        20         1      1.29         0    1.8622
0.992463            -276.184             76304.7

#        20         1      1.29         0   1.82983
0.985319            -274.673             75537.7

#        20         1      1.29         0   1.79856
0.990897            -274.587             75430.2

#        20         1      1.29         0   1.76835
0.986727            -273.337             74782.5

#        20         1      1.29         0   1.73913
0.98911            -272.784             74449.8

#        20         1      1.29         0   1.71086
0.988063            -271.857             73949.6

#        20         1      1.29         0    1.6835
0.981258            -270.203             73109.4

#        20         1      1.29         0     1.657
0.986051            -269.714             72792.6

#        20         1      1.29         0   1.63132
0.985021            -268.694             72248.5

#        20         1      1.29         0   1.60643
0.983869            -267.475             71595.8

#        20         1      1.29         0   1.58228
0.982559            -266.267             70956.4

#        20         1      1.29         0   1.55885
0.98116            -265.006             70292.2

#        20         1      1.29         0    1.5361
0.97987            -263.636             69570.5

#        20         1      1.29         0     1.514
0.978464            -262.233               68836

#        20         1      1.29         0   1.49254
0.977032             -260.84             68112.5

#        20         1      1.29         0   1.47167
0.975545            -259.343             67336.8

#        20         1      1.29         0   1.45138
0.96966             -257.27             66316.7

#        20         1      1.29         0   1.43164
0.972135            -256.165             65711.1

#        20         1      1.29         0   1.41243
0.970349            -254.541             64888.9

#        20         1      1.29         0   1.39373
0.95954            -251.783             63587.9

#        20         1      1.29         0   1.37552
0.966692            -250.956               63083

#        20         1      1.29         0   1.35777
0.964425            -249.051             62141.9

#        20         1      1.29         0   1.34048
0.95547            -246.398             60910.5

#        20         1      1.29         0   1.32363
0.960481            -245.335             60316.2

#        20         1      1.29         0   1.30719
0.957858            -243.142               59257

#        20         1      1.29         0   1.29116
0.956323            -241.359             58390.3

#        20         1      1.29         0   1.27551
0.953805            -239.079             57301.6

#        20         1      1.29         0   1.26024
0.951221            -236.915               56283

#        20         1      1.29         0   1.24533
0.948768            -234.632             55213.6

#        20         1      1.29         0   1.23077
0.946197             -232.34             54150.6

#        20         1      1.29         0   1.21655
0.94361            -229.986             53067.7

#        20         1      1.29         0   1.20265
0.940445            -227.471             51932.6

#        20         1      1.29         0   1.18906
0.937802            -224.984             50811.5

#        20         1      1.29         0   1.17578
0.935291            -222.687             49788.3

#        20         1      1.29         0   1.16279
0.932019            -220.036             48627.7

#        20         1      1.29         0   1.15009
0.928845            -217.339             47458.3

#        20         1      1.29         0   1.13766
0.925817            -214.651               46303

#        20         1      1.29         0   1.12549
0.92268            -211.962               45163

#        20         1      1.29         0   1.11359
0.919138            -209.129             43985.8

#        20         1      1.29         0   1.10193
0.916075            -206.427             42865.3

#        20         1      1.29         0   1.09051
0.911514            -203.254             41587.2

#        20         1      1.29         0   1.07933
0.908299            -200.304             40402.1

#        20         1      1.29         0   1.06838
0.904096            -197.447             39285.9

#        20         1      1.29         0   1.05764
0.901025            -194.273             38045.4

#        20         1      1.29         0   1.04712
0.896831            -191.103             36834.6

#        20         1      1.29         0   1.03681
0.893525            -188.214             35746.9

#        20         1      1.29         0   1.02669
0.888873            -184.721               34459

#        20         1      1.29         0   1.01678
0.884551             -181.34             33236.1

#        20         1      1.29         0   1.00705
0.880331            -178.087             32076.3

#        20         1      1.29         0  0.997506
0.87547            -174.527             30835.5

#        20         1      1.29         0  0.988142
0.871099            -171.061             29648.3

#        20         1      1.29         0  0.978953
0.865556            -167.278             28389.8

#        20         1      1.29         0  0.969932
0.860898            -163.701             27220.7

#        20         1      1.29         0  0.961076
0.855283            -159.779             25966.2

#        20         1      1.29         0  0.952381
0.850134             -156.08             24822.1

#        20         1      1.29         0  0.943841
0.844295            -151.855             23531.1

#        20         1      1.29         0  0.935454
0.838925            -148.142             22431.8

#        20         1      1.29         0  0.927214
0.832274            -143.861             21211.4

#        20         1      1.29         0  0.919118
0.826748            -139.886             20090.9

#        20         1      1.29         0  0.911162
0.820508            -135.779             18979.8

#        20         1      1.29         0  0.903342
0.813716            -131.453             17851.3

#        20         1      1.29         0  0.895656
0.806149            -126.961               16718

#        20         1      1.29         0  0.888099
0.798079            -122.075             15526.6

#        20         1      1.29         0  0.880669
0.789518            -117.228             14402.9

#        20         1      1.29         0  0.873362
0.783089            -112.894             13409.9

#        20         1      1.29         0  0.866176
0.773236            -107.714             12314.2

#        20         1      1.29         0  0.859107
0.764205            -102.776             11309.8

#        20         1      1.29         0  0.852152
0.75163            -96.9687             10209.9

#        20         1      1.29         0  0.845309
0.741935            -91.5993             9224.42

#        20         1      1.29         0  0.838574
0.731038            -86.3222             8310.32

#        20         1      1.29         0  0.831947
0.719902            -80.9346             7450.82

#        20         1      1.29         0  0.825423
0.701855            -73.8982             6454.33

#        20         1      1.29         0  0.819001
0.684649            -67.4608             5608.15

#        20         1      1.29         0  0.812678
0.667369            -60.9057             4827.77

#        20         1      1.29         0  0.806452
0.650203            -54.4708             4129.08

#        20         1      1.29         0   0.80032
0.633146            -48.0153             3492.43

#        20         1      1.29         0  0.794281
0.607097            -40.3868             2884.03

#        20         1      1.29         0  0.788333
0.568934            -30.9512             2297.86

#        20         1      1.29         0  0.782473
0.548063            -24.2373             1944.72

#        20         1      1.29         0  0.776699
0.522325            -16.9642             1635.26

#        20         1      1.29         0   0.77101
0.487544            -8.19319             1401.78

#        20         1      1.29         0  0.765404
0.454442           -0.672725             1323.06

#        20         1      1.29         0  0.759878
0.431693             5.52255             1305.07

#        20         1      1.29         0  0.754432
0.394448             13.6819             1377.98

#        20         1      1.29         0  0.749064
0.375172             18.8668             1554.86

#        20         1      1.29         0  0.743771
0.346109             25.6853             1739.39

#        20         1      1.29         0  0.738552
0.320488             31.2115             2004.17

#        20         1      1.29         0  0.733407
0.298924             36.6141             2305.62

#        20         1      1.29         0  0.728332
0.286948             40.7266             2589.94

#        20         1      1.29         0  0.723327
0.266161             45.1378             2922.17

#        20         1      1.29         0  0.718391
0.253445             49.3077             3263.36

#        20         1      1.29         0  0.713521
0.241225             52.8873             3576.09

#        20         1      1.29         0  0.708717
0.229249             56.8075             3970.25

#        20         1      1.29         0  0.703977
0.216064             60.1218             4313.91

#        20         1      1.29         0  0.699301
0.207604             63.5207              4720.3

#        20         1      1.29         0  0.694686
0.195174             66.6685             5078.44

#        20         1      1.29         0  0.690131
0.190586             69.2646             5428.14

#        20         1      1.29         0  0.685636
0.182134             72.2987             5831.66

#        20         1      1.29         0  0.681199
0.175764             74.6083             6152.28

#        20         1      1.29         0  0.676819
0.168593             77.2944             6542.79

#        20         1      1.29         0  0.672495
0.164972             79.9383             6946.75

#        20         1      1.29         0  0.668226
0.159534             82.0229             7270.11

#        20         1      1.29         0  0.664011
0.151825             84.3819             7653.99

#        20         1      1.29         0  0.659848
0.148615             86.5815             8011.43

#        20         1      1.29         0  0.655738
0.14449             88.7986             8390.33

#        20         1      1.29         0  0.651678
0.139283             90.9022             8765.08

#        20         1      1.29         0  0.647668
0.140528             92.4691             9043.99

#        20         1      1.29         0  0.643708
0.135523             94.6262             9438.63

#        20         1      1.29         0  0.639795
0.13163             96.3548             9763.35

#        20         1      1.29         0   0.63593
0.127511             98.5566             10180.3

#        20         1      1.29         0  0.632111
0.126664             100.061             10471.9

#        20         1      1.29         0  0.628338
0.123064             101.755               10806

#        20         1      1.29         0   0.62461
0.120496             103.759             11215.1

#        20         1      1.29         0  0.620925
0.117948             105.275             11525.1

#        20         1      1.29         0  0.617284
0.117928             106.629             11810.4

#        20         1      1.29         0  0.613685
0.114523             108.264             12159.8

#        20         1      1.29         0  0.610128
0.112972             109.828             12493.4

#        20         1      1.29         0  0.606612
0.11092             111.559             12865.8

#        20         1      1.29         0  0.603136
0.10965             112.821             13151.6

#        20         1      1.29         0    0.5997
0.107268             114.391             13502.2

#        20         1      1.29         0  0.596303
0.104778             115.708             13803.6

#        20         1      1.29         0  0.592944
0.103328              117.21             14144.4

#        20         1      1.29         0  0.589623
0.102059             118.494             14446.2

#        20         1      1.29         0  0.586338
0.102155             119.694             14733.8

#        20         1      1.29         0   0.58309
0.0999425             121.111             15070.4

#        20         1      1.29         0  0.579878
0.0976935             122.417             15382.4

#        20         1      1.29         0  0.576701
0.0972392             123.721             15699.3

#        20         1      1.29         0  0.573559
0.0963342             124.951             16007.5

#        20         1      1.29         0  0.570451
0.0939016             126.095             16291.2

#        20         1      1.29         0  0.567376
0.0939966             127.214             16573.5

#        20         1      1.29         0  0.564334
0.0931491             128.442             16882.7

#        20         1      1.29         0  0.561325
0.09154             129.668             17197.3

#        20         1      1.29         0  0.558347
0.0909147             130.867             17507.9

#        20         1      1.29         0  0.555401
0.0896712              131.79             17748.9

#        20         1      1.29         0  0.552486
0.0885187             133.072             18082.7

#        20         1      1.29         0  0.549602
0.0880924             134.271             18402.8

#        20         1      1.29         0  0.546747
0.0873115             135.212             18657.2

#        20         1      1.29         0  0.543922
0.0853378             136.163             18912.9

#        20         1      1.29         0  0.541126
0.0845609             137.194             19191.2

#        20         1      1.29         0  0.538358
0.0845661             138.099               19440

#        20         1      1.29         0  0.535619
0.08398              139.24             19754.9

#        20         1      1.29         0  0.532907
0.0828033              140.21               20024

#        20         1      1.29         0  0.530223
0.0819102             141.129             20281.6

#        20         1      1.29         0  0.527565
0.0811225             142.257             20600.3

#        20         1      1.29         0  0.524934
0.0809337             143.153               20854

#        20         1      1.29         0   0.52233
0.0812337             143.985             21093.5

#        20         1      1.29         0  0.519751
0.0794757              144.99             21381.7

#        20         1      1.29         0  0.517197
0.0790295             145.992             21673.4

#        20         1      1.29         0  0.514668
0.078575             146.825             21915.4

#        20         1      1.29         0  0.512164
0.0773903             147.687             22168.3

#        20         1      1.29         0  0.509684
0.0772362             148.588             22434.6

#        20         1      1.29         0  0.507228
0.0760511             149.515             22706.1

#        20         1      1.29         0  0.504796
0.0759515             150.459             22990.1

#        20         1      1.29         0  0.502386
0.074908             151.275             23235.3

#        20         1      1.29         0       0.5
0.0748819             152.043               23469

