#    N    J    D    H   B
#     <|m|>       <E>    <E^2>

#        20         1      1.77         0        10
0.99715            -91.6036             8422.66

#        20         1      1.77         0   9.13242
0.997577            -91.6876             8433.42

#        20         1      1.77         0   8.40336
0.9993            -91.8924             8452.44

#        20         1      1.77         0    7.7821
0.999197             -91.882             8452.82

#        20         1      1.77         0   7.24638
0.998855             -91.848             8448.53

#        20         1      1.77         0   6.77966
0.000221816            -42.7395             1828.51

#        20         1      1.77         0   6.36943
0.999722            -91.9515              8460.1

#        20         1      1.77         0   6.00601
0.998929            -91.8804              8451.9

#        20         1      1.77         0   5.68182
0.999916            -91.9784             8462.59

#        20         1      1.77         0   5.39084
0.999682            -91.9445             8459.04

#        20         1      1.77         0   5.12821
0.999619            -91.9331             8456.95

#        20         1      1.77         0   4.88998
0.463721            -57.5279             3841.35

#        20         1      1.77         0    4.6729
0.999753            -91.9361             8456.87

#        20         1      1.77         0   4.47427
0.999744            -91.9214             8453.67

#        20         1      1.77         0   4.29185
0.999857            -91.9197             8452.15

#        20         1      1.77         0   4.12371
0.999437            -91.8541              8442.2

#        20         1      1.77         0   3.96825
0.999775            -91.8495             8439.29

#        20         1      1.77         0   3.82409
0.930271            -87.0275             7809.06

#        20         1      1.77         0   3.69004
0.99967            -91.7419             8419.45

#        20         1      1.77         0   3.56506
0.99924            -91.6152             8400.43

#        20         1      1.77         0   3.44828
0.998867             -91.491             8378.89

#        20         1      1.77         0    3.3389
0.999259            -91.4366             8364.92

#        20         1      1.77         0   3.23625
0.998928            -91.2572             8334.77

#        20         1      1.77         0   3.13972
0.998726            -91.0965             8304.98

#        20         1      1.77         0   3.04878
0.9777            -89.4079             8086.77

#        20         1      1.77         0   2.96296
0.998329            -90.6687             8227.99

#        20         1      1.77         0   2.88184
0.994265            -90.0965             8142.06

#        20         1      1.77         0   2.80505
0.99766            -90.0877             8124.15

#        20         1      1.77         0   2.73224
0.993835            -89.4413             8027.08

#        20         1      1.77         0   2.66312
0.99683            -89.3369             7990.66

#        20         1      1.77         0    2.5974
0.99616            -88.8876             7913.07

#        20         1      1.77         0   2.53485
0.995597            -88.3837              7824.6

#        20         1      1.77         0   2.47525
0.995044            -87.8428             7729.59

#        20         1      1.77         0   2.41838
0.994219             -87.228             7624.17

#        20         1      1.77         0   2.36407
0.980374            -85.5208             7400.89

#        20         1      1.77         0   2.31214
0.992535            -85.8516             7389.79

#        20         1      1.77         0   2.26244
0.991063            -84.9361             7238.51

#        20         1      1.77         0   2.21484
0.990167            -84.1108             7102.09

#        20         1      1.77         0    2.1692
0.989294            -83.2378             6953.25

#        20         1      1.77         0    2.1254
0.986736            -82.1013              6777.8

#        20         1      1.77         0   2.08333
0.986432            -81.1331             6615.53

#        20         1      1.77         0    2.0429
0.984881            -79.9372             6425.46

#        20         1      1.77         0   2.00401
0.983276            -78.6533             6224.44

#        20         1      1.77         0   1.96657
0.978311            -77.0233             5997.11

#        20         1      1.77         0    1.9305
0.979449            -75.8532             5800.23

#        20         1      1.77         0   1.89573
0.977316            -74.3264             5575.62

#        20         1      1.77         0    1.8622
0.975397            -72.7978             5353.21

#        20         1      1.77         0   1.82983
0.972811            -71.0642             5110.01

#        20         1      1.77         0   1.79856
0.97027            -69.2013             4853.54

#        20         1      1.77         0   1.76835
0.965761            -67.1308             4589.02

#        20         1      1.77         0   1.73913
0.964727             -65.375             4348.83

#        20         1      1.77         0   1.71086
0.960548            -63.2183             4088.42

#        20         1      1.77         0    1.6835
0.958297            -61.0564             3816.96

#        20         1      1.77         0     1.657
0.954803            -58.6871             3539.26

#        20         1      1.77         0   1.63132
0.95101            -56.2842             3269.48

#        20         1      1.77         0   1.60643
0.9468            -53.7079              2996.3

#        20         1      1.77         0   1.58228
0.942741            -51.2071             2740.68

#        20         1      1.77         0   1.55885
0.938541            -48.4964             2475.86

#        20         1      1.77         0    1.5361
0.933591            -45.5324              2207.6

#        20         1      1.77         0     1.514
0.928651            -42.6125             1959.22

#        20         1      1.77         0   1.49254
0.923595             -39.637             1722.52

#        20         1      1.77         0   1.47167
0.916768            -36.3514             1493.39

#        20         1      1.77         0   1.45138
0.912168            -33.1886             1273.82

#        20         1      1.77         0   1.43164
0.905674            -29.7003             1063.15

#        20         1      1.77         0   1.41243
0.899032            -26.1891             881.049

#        20         1      1.77         0   1.39373
0.892412            -22.6451             714.624

#        20         1      1.77         0   1.37552
0.885586            -19.0226              573.99

#        20         1      1.77         0   1.35777
0.877783            -15.2287             459.283

#        20         1      1.77         0   1.34048
0.869563            -11.1692             360.918

#        20         1      1.77         0   1.32363
0.861894            -7.34934             298.454

#        20         1      1.77         0   1.30719
0.852232            -3.18533              276.22

#        20         1      1.77         0   1.29116
0.843387             1.03636             276.111

#        20         1      1.77         0   1.27551
0.83386             5.32066             314.288

#        20         1      1.77         0   1.26024
0.823869             9.58853             387.056

#        20         1      1.77         0   1.24533
0.813346             14.1359             509.172

#        20         1      1.77         0   1.23077
0.801694              18.722             674.032

#        20         1      1.77         0   1.21655
0.791375             22.9211             858.041

#        20         1      1.77         0   1.20265
0.777666             27.9181             1135.02

#        20         1      1.77         0   1.18906
0.764726             32.6573             1431.47

#        20         1      1.77         0   1.17578
0.74842             38.1265                1850

#        20         1      1.77         0   1.16279
0.734789             42.6848             2228.01

#        20         1      1.77         0   1.15009
0.718009               48.18             2738.78

#        20         1      1.77         0   1.13766
0.701889              53.105             3261.02

#        20         1      1.77         0   1.12549
0.680733             58.8902             3937.81

#        20         1      1.77         0   1.11359
0.656509             64.7247             4694.34

#        20         1      1.77         0   1.10193
0.630527              70.825             5533.34

#        20         1      1.77         0   1.09051
0.601347             76.9891             6475.45

#        20         1      1.77         0   1.07933
0.575908             82.6918             7393.33

#        20         1      1.77         0   1.06838
0.532075             89.9568             8668.14

#        20         1      1.77         0   1.05764
0.505648             95.2025             9642.94

#        20         1      1.77         0   1.04712
0.461563             102.123             11001.8

#        20         1      1.77         0   1.03681
0.435124              107.21             12039.4

#        20         1      1.77         0   1.02669
0.39697             112.822             13253.4

#        20         1      1.77         0   1.01678
0.372162             117.259             14235.8

#        20         1      1.77         0   1.00705
0.332566             122.699             15499.7

#        20         1      1.77         0  0.997506
0.308237             126.804             16486.5

#        20         1      1.77         0  0.988142
0.28901             130.188             17334.2

#        20         1      1.77         0  0.978953
0.268318             133.649               18220

#        20         1      1.77         0  0.969932
0.255552             136.284             18920.9

#        20         1      1.77         0  0.961076
0.238178             139.429               19758

#        20         1      1.77         0  0.952381
0.218393             142.688             20662.2

#        20         1      1.77         0  0.943841
0.20744             144.986             21310.5

#        20         1      1.77         0  0.935454
0.20028             147.098             21915.7

#        20         1      1.77         0  0.927214
0.189869             149.326             22565.7

#        20         1      1.77         0  0.919118
0.180298             151.699             23272.6

#        20         1      1.77         0  0.911162
0.172823             153.585             23838.8

#        20         1      1.77         0  0.903342
0.166785             155.689             24488.2

#        20         1      1.77         0  0.895656
0.16068             157.588               25074

#        20         1      1.77         0  0.888099
0.154443             159.203             25582.3

#        20         1      1.77         0  0.880669
0.150382             161.034             26167.6

#        20         1      1.77         0  0.873362
0.143918             162.767             26725.3

#        20         1      1.77         0  0.866176
0.141267             164.348             27240.7

#        20         1      1.77         0  0.859107
0.136614             166.106             27818.2

#        20         1      1.77         0  0.852152
0.133031             167.491             28279.1

#        20         1      1.77         0  0.845309
0.128862             169.129             28827.5

#        20         1      1.77         0  0.838574
0.127578             170.559             29313.9

#        20         1      1.77         0  0.831947
0.122651             172.229             29885.1

#        20         1      1.77         0  0.825423
0.122272             173.421             30297.6

#        20         1      1.77         0  0.819001
0.118652             174.968             30833.1

#        20         1      1.77         0  0.812678
0.116304             176.346             31319.5

#        20         1      1.77         0  0.806452
0.115065             177.754             31818.8

#        20         1      1.77         0   0.80032
0.111717             179.103             32299.3

#        20         1      1.77         0  0.794281
0.108868             180.563             32824.3

#        20         1      1.77         0  0.788333
0.106402             181.867               33296

#        20         1      1.77         0  0.782473
0.106697             182.962             33696.3

#        20         1      1.77         0  0.776699
0.105458             184.227               34163

#        20         1      1.77         0   0.77101
0.101665             185.658             34690.3

#        20         1      1.77         0  0.765404
0.101183             186.849             35135.8

#        20         1      1.77         0  0.759878
0.100473             188.034             35578.8

#        20         1      1.77         0  0.754432
0.097652             189.348             36074.9

#        20         1      1.77         0  0.749064
0.0963831             190.501             36515.6

#        20         1      1.77         0  0.743771
0.0964522             191.675             36965.2

#        20         1      1.77         0  0.738552
0.0939154             192.803             37398.1

#        20         1      1.77         0  0.733407
0.0933196             194.005             37864.4

#        20         1      1.77         0  0.728332
0.0921665             195.029             38265.1

#        20         1      1.77         0  0.723327
0.0914357             196.224               38732

#        20         1      1.77         0  0.718391
0.0899136             197.471             39224.6

#        20         1      1.77         0  0.713521
0.0884731             198.499             39632.1

#        20         1      1.77         0  0.708717
0.0871973             199.703               40112

#        20         1      1.77         0  0.703977
0.0867519             200.761             40535.9

#        20         1      1.77         0  0.699301
0.0860718             201.816             40960.7

#        20         1      1.77         0  0.694686
0.0848944              202.94             41418.4

#        20         1      1.77         0  0.690131
0.0842612             203.965             41836.4

#        20         1      1.77         0  0.685636
0.0829398             204.944             42236.4

#        20         1      1.77         0  0.681199
0.0822129             206.086             42708.2

#        20         1      1.77         0  0.676819
0.0823101             207.112             43130.3

#        20         1      1.77         0  0.672495
0.0809336              208.15             43564.5

#        20         1      1.77         0  0.668226
0.0797981             209.102             43962.2

#        20         1      1.77         0  0.664011
0.079496             210.051             44360.8

#        20         1      1.77         0  0.659848
0.0788286             211.154             44827.6

#        20         1      1.77         0  0.655738
0.0783041             212.213             45276.9

#        20         1      1.77         0  0.651678
0.0774667             213.149             45674.4

#        20         1      1.77         0  0.647668
0.0773048             214.113             46087.7

#        20         1      1.77         0  0.643708
0.0763095             215.118               46521

#        20         1      1.77         0  0.639795
0.075845             216.026               46913

#        20         1      1.77         0   0.63593
0.0758777             216.959             47317.5

#        20         1      1.77         0  0.632111
0.0744847             217.939             47747.4

#        20         1      1.77         0  0.628338
0.0749484             218.819             48131.6

#        20         1      1.77         0   0.62461
0.0735337             219.726             48529.1

#        20         1      1.77         0  0.620925
0.0731121             220.702             48960.2

#        20         1      1.77         0  0.617284
0.0728235             221.643             49376.7

#        20         1      1.77         0  0.613685
0.0724629             222.565             49788.2

#        20         1      1.77         0  0.610128
0.0714404             223.522             50216.8

#        20         1      1.77         0  0.606612
0.0712143             224.407             50613.3

#        20         1      1.77         0  0.603136
0.0712227             225.099             50925.5

#        20         1      1.77         0    0.5997
0.0708085             226.121             51388.7

#        20         1      1.77         0  0.596303
0.0697405             227.085             51825.3

#        20         1      1.77         0  0.592944
0.0700616              227.87             52184.7

#        20         1      1.77         0  0.589623
0.0687565             228.799             52609.1

#        20         1      1.77         0  0.586338
0.0686069             229.569             52964.4

#        20         1      1.77         0   0.58309
0.0681168             230.471             53379.9

#        20         1      1.77         0  0.579878
0.068155             231.247             53739.6

#        20         1      1.77         0  0.576701
0.0679438             232.109             54140.5

#        20         1      1.77         0  0.573559
0.0674014             232.995             54552.2

#        20         1      1.77         0  0.570451
0.0671504             233.797             54928.1

#        20         1      1.77         0  0.567376
0.0663963             234.573             55292.1

#        20         1      1.77         0  0.564334
0.0660008             235.377             55671.5

#        20         1      1.77         0  0.561325
0.0657403             236.207             56063.8

#        20         1      1.77         0  0.558347
0.0659302              237.02             56449.9

#        20         1      1.77         0  0.555401
0.0653872             237.898               56867

#        20         1      1.77         0  0.552486
0.0651347             238.562               57184

#        20         1      1.77         0  0.549602
0.0643676             239.444             57607.5

#        20         1      1.77         0  0.546747
0.0643706             240.198             57970.7

#        20         1      1.77         0  0.543922
0.0632625             240.946             58331.3

#        20         1      1.77         0  0.541126
0.0636054             241.762             58726.5

#        20         1      1.77         0  0.538358
0.0634894             242.543             59105.6

#        20         1      1.77         0  0.535619
0.0631965              243.32             59483.6

#        20         1      1.77         0  0.532907
0.0630289             244.126             59878.1

#        20         1      1.77         0  0.530223
0.0627026             244.813             60212.8

#        20         1      1.77         0  0.527565
0.0625304             245.499             60551.6

#        20         1      1.77         0  0.524934
0.0625858              246.31             60952.4

#        20         1      1.77         0   0.52233
0.062052             247.061             61323.7

#        20         1      1.77         0  0.519751
0.0616017             247.782             61680.8

#        20         1      1.77         0  0.517197
0.0611504             248.426             62003.3

#        20         1      1.77         0  0.514668
0.0612544             249.255             62413.5

#        20         1      1.77         0  0.512164
0.0609995             249.929             62752.4

#        20         1      1.77         0  0.509684
0.0603878             250.684             63132.8

#        20         1      1.77         0  0.507228
0.0605903             251.338             63460.4

#        20         1      1.77         0  0.504796
0.060227             252.115             63853.1

#        20         1      1.77         0  0.502386
0.0598529             252.787               64195

#        20         1      1.77         0       0.5
0.0599325             253.542             64576.4

