#    N    J    D    H   B
#     <|m|>       <E>    <E^2>

#        20         1      1.86         0        10
0.000348195           0.0469428             1.59754

#        20         1      1.86         0   9.13242
0.999833            -55.9689              3135.6

#        20         1      1.86         0   8.40336
0.99856            -55.8383             3129.43

#        20         1      1.86         0    7.7821
0.999465            -55.9107             3131.76

#        20         1      1.86         0   7.24638
0.999322             -55.903             3130.86

#        20         1      1.86         0   6.77966
0.996322            -55.6735              3121.6

#        20         1      1.86         0   6.36943
0.999895             -55.979             3136.13

#        20         1      1.86         0   6.00601
7.48004e-05           0.0376126             1.13595

#        20         1      1.86         0   5.68182
6.05795e-05           0.0484744            0.986385

#        20         1      1.86         0   5.39084
0.998854            -55.8781             3130.35

#        20         1      1.86         0   5.12821
0.998971            -55.8879             3130.86

#        20         1      1.86         0   4.88998
0.999049            -55.8824             3130.28

#        20         1      1.86         0    4.6729
0.000370703            0.281219             1.69092

#        20         1      1.86         0   4.47427
0.999534            -55.8918             3128.06

#        20         1      1.86         0   4.29185
0.000720776            0.554119              2.3713

#        20         1      1.86         0   4.12371
0.999204            -55.7979             3119.56

#        20         1      1.86         0   3.96825
0.999137            -55.7546             3114.29

#        20         1      1.86         0   3.82409
0.999373            -55.7081             3108.09

#        20         1      1.86         0   3.69004
0.999283            -55.6238             3098.62

#        20         1      1.86         0   3.56506
0.999202            -55.5283             3088.28

#        20         1      1.86         0   3.44828
0.998524            -55.3643             3073.05

#        20         1      1.86         0    3.3389
0.00315748             3.61968             21.5152

#        20         1      1.86         0   3.23625
0.998326            -55.0348             3036.57

#        20         1      1.86         0   3.13972
0.998408            -54.8426             3013.74

#        20         1      1.86         0   3.04878
0.997963            -54.5658             2985.36

#        20         1      1.86         0   2.96296
0.997172            -54.2416             2953.42

#        20         1      1.86         0   2.88184
0.997259            -53.9343             2917.57

#        20         1      1.86         0   2.80505
0.996281            -53.5169             2876.81

#        20         1      1.86         0   2.73224
0.996228            -53.1215             2832.31

#        20         1      1.86         0   2.66312
0.995743            -52.6445              2781.9

#        20         1      1.86         0    2.5974
0.995059             -52.086             2724.97

#        20         1      1.86         0   2.53485
0.993794            -51.4224             2661.46

#        20         1      1.86         0   2.47525
0.993207            -50.7883             2596.16

#        20         1      1.86         0   2.41838
0.992231            -50.0431             2522.88

#        20         1      1.86         0   2.36407
0.990102            -49.1267             2440.64

#        20         1      1.86         0   2.31214
0.990093            -48.3145              2355.9

#        20         1      1.86         0   2.26244
0.988416            -47.2952             2263.28

#        20         1      1.86         0   2.21484
0.986875            -46.2442             2168.61

#        20         1      1.86         0    2.1692
0.98567            -45.1351             2067.85

#        20         1      1.86         0    2.1254
0.983732            -43.8765             1960.31

#        20         1      1.86         0   2.08333
0.98186            -42.5095             1845.16

#        20         1      1.86         0    2.0429
0.979764            -41.1207             1735.09

#        20         1      1.86         0   2.00401
0.977662            -39.5632             1610.07

#        20         1      1.86         0   1.96657
0.974844            -37.8709             1486.89

#        20         1      1.86         0    1.9305
0.972463             -36.119             1359.42

#        20         1      1.86         0   1.89573
0.969312            -34.2045              1233.4

#        20         1      1.86         0    1.8622
0.966429            -32.2535             1106.76

#        20         1      1.86         0   1.82983
0.962901            -30.1718             983.654

#        20         1      1.86         0   1.79856
0.958984            -27.7846             852.921

#        20         1      1.86         0   1.76835
0.953794            -25.3757             740.034

#        20         1      1.86         0   1.73913
0.950565            -22.9216             622.667

#        20         1      1.86         0   1.71086
0.946416            -20.3399             516.058

#        20         1      1.86         0    1.6835
0.941339            -17.4647             414.976

#        20         1      1.86         0     1.657
0.935528            -14.5462             335.456

#        20         1      1.86         0   1.63132
0.929563            -11.3137             259.334

#        20         1      1.86         0   1.60643
0.923716            -8.20845             206.498

#        20         1      1.86         0   1.58228
0.916942            -4.77469             170.953

#        20         1      1.86         0   1.55885
0.909389            -1.13622             162.956

#        20         1      1.86         0    1.5361
0.900489             2.65846             186.384

#        20         1      1.86         0     1.514
0.893625             6.22911             225.694

#        20         1      1.86         0   1.49254
0.884045             10.4264             306.599

#        20         1      1.86         0   1.47167
0.874652             14.4431             420.165

#        20         1      1.86         0   1.45138
0.864193              18.771             577.251

#        20         1      1.86         0   1.43164
0.852704             23.2913             780.352

#        20         1      1.86         0   1.41243
0.840034             28.0409             1038.07

#        20         1      1.86         0   1.39373
0.827217             32.8193             1342.51

#        20         1      1.86         0   1.37552
0.812269              37.997             1728.64

#        20         1      1.86         0   1.35777
0.797755             42.8515             2134.43

#        20         1      1.86         0   1.34048
0.780085              48.262              2644.6

#        20         1      1.86         0   1.32363
0.759431             54.1906             3275.64

#        20         1      1.86         0   1.30719
0.741035             59.4684             3892.74

#        20         1      1.86         0   1.29116
0.719782             65.0411             4593.77

#        20         1      1.86         0   1.27551
0.693154             71.3467             5479.39

#        20         1      1.86         0   1.26024
0.661091             77.6352             6455.36

#        20         1      1.86         0   1.24533
0.630576             84.0165             7493.45

#        20         1      1.86         0   1.23077
0.596499             90.2468             8593.62

#        20         1      1.86         0   1.21655
0.555629             96.9627             9853.09

#        20         1      1.86         0   1.20265
0.519636             103.041             11058.1

#        20         1      1.86         0   1.18906
0.47437             109.109             12346.3

#        20         1      1.86         0   1.17578
0.430431             114.818               13601

#        20         1      1.86         0   1.16279
0.404035             119.344             14622.6

#        20         1      1.86         0   1.15009
0.358409             124.636             15892.1

#        20         1      1.86         0   1.13766
0.34272             127.752             16651.2

#        20         1      1.86         0   1.12549
0.296651             132.904             17950.6

#        20         1      1.86         0   1.11359
0.280361             135.922             18748.6

#        20         1      1.86         0   1.10193
0.259133             138.959             19562.8

#        20         1      1.86         0   1.09051
0.236599             142.059             20412.9

#        20         1      1.86         0   1.07933
0.230978             144.031             20969.7

#        20         1      1.86         0   1.06838
0.212029             146.821             21767.2

#        20         1      1.86         0   1.05764
0.197968             149.177             22457.1

#        20         1      1.86         0   1.04712
0.189739             151.108             23032.8

#        20         1      1.86         0   1.03681
0.178381             153.241             23675.2

#        20         1      1.86         0   1.02669
0.173013             155.151             24261.1

#        20         1      1.86         0   1.01678
0.171335             156.614             24717.4

#        20         1      1.86         0   1.00705
0.161663              158.64             25349.7

#        20         1      1.86         0  0.997506
0.154277             160.399               25907

#        20         1      1.86         0  0.988142
0.14812             162.133             26467.5

#        20         1      1.86         0  0.978953
0.146349             163.709             26978.4

#        20         1      1.86         0  0.969932
0.140394             165.373             27524.7

#        20         1      1.86         0  0.961076
0.135136             166.916             28038.7

#        20         1      1.86         0  0.952381
0.133748             168.439             28549.7

#        20         1      1.86         0  0.943841
0.129356             170.008             29079.6

#        20         1      1.86         0  0.935454
0.127074             171.381             29549.5

#        20         1      1.86         0  0.927214
0.122307             172.991             30102.7

#        20         1      1.86         0  0.919118
0.12182              174.36             30580.6

#        20         1      1.86         0  0.911162
0.117223              175.91             31123.2

#        20         1      1.86         0  0.903342
0.116933             177.208               31582

#        20         1      1.86         0  0.895656
0.112483             178.606             32078.2

#        20         1      1.86         0  0.888099
0.111199             179.948               32563

#        20         1      1.86         0  0.880669
0.109203             181.343             33067.7

#        20         1      1.86         0  0.873362
0.107804              182.69             33557.7

#        20         1      1.86         0  0.866176
0.104809             183.992             34037.3

#        20         1      1.86         0  0.859107
0.102166             185.379             34549.2

#        20         1      1.86         0  0.852152
0.101466             186.571             34994.2

#        20         1      1.86         0  0.845309
0.100765             187.925             35503.1

#        20         1      1.86         0  0.838574
0.0996781             189.073             35936.8

#        20         1      1.86         0  0.831947
0.0984194             190.321             36411.7

#        20         1      1.86         0  0.825423
0.0965498             191.651             36920.6

#        20         1      1.86         0  0.819001
0.0956078             192.828             37374.6

#        20         1      1.86         0  0.812678
0.0946252             193.984             37823.4

#        20         1      1.86         0  0.806452
0.0926536             195.256             38319.7

#        20         1      1.86         0   0.80032
0.0917345             196.391             38765.8

#        20         1      1.86         0  0.794281
0.0912455             197.552             39222.9

#        20         1      1.86         0  0.788333
0.0893047              198.82             39728.1

#        20         1      1.86         0  0.782473
0.0888949             199.982             40193.6

#        20         1      1.86         0  0.776699
0.0884158             201.022             40610.7

#        20         1      1.86         0   0.77101
0.0878992             202.145             41066.9

#        20         1      1.86         0  0.765404
0.0866744             203.369               41563

#        20         1      1.86         0  0.759878
0.0845841             204.625               42076

#        20         1      1.86         0  0.754432
0.0852075             205.504             42437.9

#        20         1      1.86         0  0.749064
0.0833775              206.76             42957.8

#        20         1      1.86         0  0.743771
0.0828154             207.923             43440.1

#        20         1      1.86         0  0.738552
0.0818648             208.973             43879.5

#        20         1      1.86         0  0.733407
0.0813477             209.986             44306.1

#        20         1      1.86         0  0.728332
0.0813658             211.162             44802.4

#        20         1      1.86         0  0.723327
0.0805196             212.194             45241.6

#        20         1      1.86         0  0.718391
0.0793276             213.204             45672.1

#        20         1      1.86         0  0.713521
0.0787985             214.326               46154

#        20         1      1.86         0  0.708717
0.0784664             215.392             46611.4

#        20         1      1.86         0  0.703977
0.0774057             216.476             47082.3

#        20         1      1.86         0  0.699301
0.0770101             217.457             47509.9

#        20         1      1.86         0  0.694686
0.076071             218.598             48007.3

#        20         1      1.86         0  0.690131
0.0762995             219.497             48404.1

#        20         1      1.86         0  0.685636
0.0754327             220.509             48849.9

#        20         1      1.86         0  0.681199
0.0742288             221.484             49282.6

#        20         1      1.86         0  0.676819
0.0737916             222.526             49745.8

#        20         1      1.86         0  0.672495
0.0731465             223.589             50221.1

#        20         1      1.86         0  0.668226
0.0733599             224.418             50594.5

#        20         1      1.86         0  0.664011
0.0724673             225.476             51072.9

#        20         1      1.86         0  0.659848
0.0720349               226.5             51537.8

#        20         1      1.86         0  0.655738
0.0714265             227.457             51971.4

#        20         1      1.86         0  0.651678
0.0714003             228.266             52342.7

#        20         1      1.86         0  0.647668
0.0701532             229.308             52820.1

#        20         1      1.86         0  0.643708
0.0706229             230.257             53257.4

#        20         1      1.86         0  0.639795
0.0695389             231.149             53671.8

#        20         1      1.86         0   0.63593
0.0693649             232.202               54161

#        20         1      1.86         0  0.632111
0.0683648             233.097             54577.7

#        20         1      1.86         0  0.628338
0.0688481             234.005             55002.7

#        20         1      1.86         0   0.62461
0.0680868             234.968             55458.6

#        20         1      1.86         0  0.620925
0.0679221             235.843             55870.4

#        20         1      1.86         0  0.617284
0.0671809             236.759             56304.2

#        20         1      1.86         0  0.613685
0.0669785              237.56             56685.2

#        20         1      1.86         0  0.610128
0.0666824             238.588             57176.5

#        20         1      1.86         0  0.606612
0.0668875             239.376             57554.1

#        20         1      1.86         0  0.603136
0.0658069             240.294               57995

#        20         1      1.86         0    0.5997
0.0657761             241.202             58433.7

#        20         1      1.86         0  0.596303
0.0659872             241.975             58809.1

#        20         1      1.86         0  0.592944
0.0653349             242.858             59236.8

#        20         1      1.86         0  0.589623
0.0653439             243.707             59651.9

#        20         1      1.86         0  0.586338
0.0647276             244.671             60125.1

#        20         1      1.86         0   0.58309
0.0640675             245.512             60539.5

#        20         1      1.86         0  0.579878
0.064014             246.372             60962.3

#        20         1      1.86         0  0.576701
0.063667             247.198             61372.1

#        20         1      1.86         0  0.573559
0.0630163             248.002             61771.3

#        20         1      1.86         0  0.570451
0.0632586             248.865             62200.7

#        20         1      1.86         0  0.567376
0.0628267             249.746               62642

#        20         1      1.86         0  0.564334
0.0626857              250.47             63005.6

#        20         1      1.86         0  0.561325
0.0624528             251.238               63393

#        20         1      1.86         0  0.558347
0.0624304             252.045             63798.7

#        20         1      1.86         0  0.555401
0.0616688             252.857             64209.8

#        20         1      1.86         0  0.552486
0.0613881             253.607               64590

#        20         1      1.86         0  0.549602
0.0613812              254.48             65036.8

#        20         1      1.86         0  0.546747
0.0610502             255.246             65428.3

#        20         1      1.86         0  0.543922
0.0609795              256.03             65831.1

#        20         1      1.86         0  0.541126
0.0604064              256.84             66246.1

#        20         1      1.86         0  0.538358
0.0606741             257.641             66658.3

#        20         1      1.86         0  0.535619
0.0602542              258.34             67021.4

#        20         1      1.86         0  0.532907
0.0597683             259.128             67430.4

#        20         1      1.86         0  0.530223
0.0599244             259.878             67819.6

#        20         1      1.86         0  0.527565
0.0596297             260.719             68260.1

#        20         1      1.86         0  0.524934
0.059541             261.434             68633.7

#        20         1      1.86         0   0.52233
0.0591319             262.221             69048.4

#        20         1      1.86         0  0.519751
0.0591626             262.804             69354.6

#        20         1      1.86         0  0.517197
0.0587878             263.632             69793.1

#        20         1      1.86         0  0.514668
0.0586789             264.335             70164.8

#        20         1      1.86         0  0.512164
0.0583828             265.052               70546

#        20         1      1.86         0  0.509684
0.0581254             265.772             70927.7

#        20         1      1.86         0  0.507228
0.0581175             266.441             71283.9

#        20         1      1.86         0  0.504796
0.0580063             267.293               71741

#        20         1      1.86         0  0.502386
0.0577672             268.048             72148.3

#        20         1      1.86         0       0.5
0.0573273             268.685             72489.7

