#    N    J    D    H   B
#     <|m|>       <E>    <E^2>

#        20         1      0.05         0        10
0.999881            -779.962              608350

#        20         1      0.05         0   9.13242
0.999831            -779.958              608342

#        20         1      0.05         0   8.40336
0.999911            -779.974              608364

#        20         1      0.05         0    7.7821
0.19993            -699.974              489968

#        20         1      0.05         0   7.24638
0.199965             -699.98              489976

#        20         1      0.05         0   6.77966
0.999842             -779.96              608345

#        20         1      0.05         0   6.36943
0.999811            -779.953              608337

#        20         1      0.05         0   6.00601
0.09999             -699.98              489976

#        20         1      0.05         0   5.68182
0.999799            -779.956              608341

#        20         1      0.05         0   5.39084
0.999764            -779.943              608321

#        20         1      0.05         0   5.12821
0.999824            -779.952              608336

#        20         1      0.05         0   4.88998
0.999759            -779.948              608328

#        20         1      0.05         0    4.6729
0.999809            -779.954              608337

#        20         1      0.05         0   4.47427
0.99992            -779.971              608362

#        20         1      0.05         0   4.29185
0.999877            -779.962              608349

#        20         1      0.05         0   4.12371
0.999856            -779.963              608349

#        20         1      0.05         0   3.96825
0.999806            -779.951              608334

#        20         1      0.05         0   3.82409
0.596323             -699.89              489850

#        20         1      0.05         0   3.69004
0.203571            -699.848              489791

#        20         1      0.05         0   3.56506
0.525365            -699.824              489757

#        20         1      0.05         0   3.44828
0.999812            -779.955              608339

#        20         1      0.05         0    3.3389
0.999684            -779.937              608313

#        20         1      0.05         0   3.23625
0.999941            -779.971              608362

#        20         1      0.05         0   3.13972
0.999802            -779.948              608328

#        20         1      0.05         0   3.04878
0.999877            -779.956              608338

#        20         1      0.05         0   2.96296
0.122884            -699.346              489090

#        20         1      0.05         0   2.88184
0.999799            -779.934              608307

#        20         1      0.05         0   2.80505
0.999947            -779.956              608338

#        20         1      0.05         0   2.73224
0.739474            -741.364              551266

#        20         1      0.05         0   2.66312
0.999789            -779.911              608272

#        20         1      0.05         0    2.5974
0.999895             -779.92              608282

#        20         1      0.05         0   2.53485
0.999883              -779.9              608252

#        20         1      0.05         0   2.47525
0.5475             -733.12              539124

#        20         1      0.05         0   2.41838
0.999647            -779.819              608131

#        20         1      0.05         0   2.36407
0.999884            -779.844              608163

#        20         1      0.05         0   2.31214
0.889997            -764.572              585610

#        20         1      0.05         0   2.26244
0.999694            -779.741              608006

#        20         1      0.05         0   2.21484
0.990588            -778.523              606206

#        20         1      0.05         0    2.1692
0.999598            -779.638              607848

#        20         1      0.05         0    2.1254
0.950126            -773.409              598661

#        20         1      0.05         0   2.08333
0.999555            -779.529              607676

#        20         1      0.05         0    2.0429
0.999603            -779.469              607582

#        20         1      0.05         0   2.00401
0.99944            -779.372              607432

#        20         1      0.05         0   1.96657
0.979971            -777.102              604086

#        20         1      0.05         0    1.9305
0.999355            -779.187              607144

#        20         1      0.05         0   1.89573
0.999362            -779.073              606966

#        20         1      0.05         0    1.8622
0.992558            -777.825              605122

#        20         1      0.05         0   1.82983
0.999181            -778.815              606565

#        20         1      0.05         0   1.79856
0.940357             -771.98              596527

#        20         1      0.05         0   1.76835
0.996582             -778.16              605579

#        20         1      0.05         0   1.73913
0.99887             -778.31              605781

#        20         1      0.05         0   1.71086
0.998722            -778.107              605466

#        20         1      0.05         0    1.6835
0.998423            -777.889              605132

#        20         1      0.05         0     1.657
0.9984            -777.641              604743

#        20         1      0.05         0   1.63132
0.984553            -775.518              601622

#        20         1      0.05         0   1.60643
0.962653            -772.794              597624

#        20         1      0.05         0   1.58228
0.995387            -776.451              602936

#        20         1      0.05         0   1.55885
0.997709            -776.505              602982

#        20         1      0.05         0    1.5361
0.997534            -776.207              602520

#        20         1      0.05         0     1.514
0.997332            -775.847              601961

#        20         1      0.05         0   1.49254
0.993157             -774.94              600614

#        20         1      0.05         0   1.47167
0.992541            -774.483              599909

#        20         1      0.05         0   1.45138
0.996423            -774.633              600088

#        20         1      0.05         0   1.43164
0.993948            -773.891              598969

#        20         1      0.05         0   1.41243
0.9959            -773.719              598676

#        20         1      0.05         0   1.39373
0.995426            -773.199              597877

#        20         1      0.05         0   1.37552
0.995196            -772.702              597107

#        20         1      0.05         0   1.35777
0.994809            -772.148              596255

#        20         1      0.05         0   1.34048
0.994523            -771.577              595375

#        20         1      0.05         0   1.32363
0.994178            -771.024              594523

#        20         1      0.05         0   1.30719
0.993621            -770.303              593420

#        20         1      0.05         0   1.29116
0.99322            -769.702              592494

#        20         1      0.05         0   1.27551
0.992942            -769.069              591519

#        20         1      0.05         0   1.26024
0.992425             -768.31              590357

#        20         1      0.05         0   1.24533
0.991877            -767.564              589215

#        20         1      0.05         0   1.23077
0.991438            -766.753              587972

#        20         1      0.05         0   1.21655
0.986195            -765.331              585871

#        20         1      0.05         0   1.20265
0.990356            -765.131              585498

#        20         1      0.05         0   1.18906
0.978095            -762.595              581808

#        20         1      0.05         0   1.17578
0.989265            -763.405              582866

#        20         1      0.05         0   1.16279
0.988456            -762.405              581347

#        20         1      0.05         0   1.15009
0.987947            -761.423              579853

#        20         1      0.05         0   1.13766
0.987275            -760.456              578385

#        20         1      0.05         0   1.12549
0.986634            -759.419              576812

#        20         1      0.05         0   1.11359
0.985895            -758.345              575188

#        20         1      0.05         0   1.10193
0.985059             -757.21              573477

#        20         1      0.05         0   1.09051
0.984384            -756.122              571832

#        20         1      0.05         0   1.07933
0.983605            -754.966              570090

#        20         1      0.05         0   1.06838
0.982733            -753.679              568157

#        20         1      0.05         0   1.05764
0.981863             -752.42              566268

#        20         1      0.05         0   1.04712
0.981124            -751.113              564306

#        20         1      0.05         0   1.03681
0.978646             -749.55              561998

#        20         1      0.05         0   1.02669
0.978502            -748.405              560274

#        20         1      0.05         0   1.01678
0.97832            -747.054              558245

#        20         1      0.05         0   1.00705
0.977392            -745.664              556177

#        20         1      0.05         0  0.997506
0.976515            -744.223              554034

#        20         1      0.05         0  0.988142
0.975295            -742.608              551644

#        20         1      0.05         0  0.978953
0.974332            -741.148              549484

#        20         1      0.05         0  0.969932
0.97318             -739.45              546981

#        20         1      0.05         0  0.961076
0.972079            -737.796              544539

#        20         1      0.05         0  0.952381
0.970856            -736.128              542093

#        20         1      0.05         0  0.943841
0.969809            -734.444              539622

#        20         1      0.05         0  0.935454
0.968603            -732.686              537052

#        20         1      0.05         0  0.927214
0.96691            -730.804              534318

#        20         1      0.05         0  0.919118
0.963142            -728.499              531003

#        20         1      0.05         0  0.911162
0.964731            -727.091              528908

#        20         1      0.05         0  0.903342
0.963354            -725.207              526189

#        20         1      0.05         0  0.895656
0.961889            -723.197              523288

#        20         1      0.05         0  0.888099
0.96035            -721.146              520337

#        20         1      0.05         0  0.880669
0.958762            -718.948              517188

#        20         1      0.05         0  0.873362
0.957371             -716.83              514153

#        20         1      0.05         0  0.866176
0.955791            -714.737              511169

#        20         1      0.05         0  0.859107
0.954135             -712.31              507718

#        20         1      0.05         0  0.852152
0.952585            -710.159              504671

#        20         1      0.05         0  0.845309
0.950799            -707.822              501375

#        20         1      0.05         0  0.838574
0.949178             -705.46              498045

#        20         1      0.05         0  0.831947
0.947167            -702.817              494340

#        20         1      0.05         0  0.825423
0.945377            -700.458              491045

#        20         1      0.05         0  0.819001
0.943555            -697.987              487605

#        20         1      0.05         0  0.812678
0.941832            -695.429              484047

#        20         1      0.05         0  0.806452
0.93937             -692.71              480300

#        20         1      0.05         0   0.80032
0.937904            -690.198              476830

#        20         1      0.05         0  0.794281
0.934969            -687.072              472558

#        20         1      0.05         0  0.788333
0.933103             -684.29              468755

#        20         1      0.05         0  0.782473
0.931294            -681.681              465204

#        20         1      0.05         0  0.776699
0.928742            -678.394              460751

#        20         1      0.05         0   0.77101
0.92629            -675.348              456646

#        20         1      0.05         0  0.765404
0.92413            -672.441              452747

#        20         1      0.05         0  0.759878
0.920648            -668.853              447974

#        20         1      0.05         0  0.754432
0.918815            -666.089              444296

#        20         1      0.05         0  0.749064
0.916001            -662.682              439788

#        20         1      0.05         0  0.743771
0.913432            -659.364              435418

#        20         1      0.05         0  0.738552
0.910558            -656.094              431138

#        20         1      0.05         0  0.733407
0.907232            -652.312              426226

#        20         1      0.05         0  0.728332
0.904735             -648.81              421682

#        20         1      0.05         0  0.723327
0.901691            -645.355              417242

#        20         1      0.05         0  0.718391
0.898252            -641.438              412227

#        20         1      0.05         0  0.713521
0.894652            -637.483              407203

#        20         1      0.05         0  0.708717
0.891568            -633.774              402505

#        20         1      0.05         0  0.703977
0.887986            -629.831              397555

#        20         1      0.05         0  0.699301
0.883823            -625.212              391797

#        20         1      0.05         0  0.694686
0.879939            -621.173              386795

#        20         1      0.05         0  0.690131
0.876023            -617.084              381775

#        20         1      0.05         0  0.685636
0.87144            -612.824              376580

#        20         1      0.05         0  0.681199
0.867154            -607.895              370603

#        20         1      0.05         0  0.676819
0.863064            -603.649              365469

#        20         1      0.05         0  0.672495
0.8582            -598.628              359495

#        20         1      0.05         0  0.668226
0.853177            -593.955              353949

#        20         1      0.05         0  0.664011
0.84691             -588.47              347541

#        20         1      0.05         0  0.659848
0.842068            -583.601              341869

#        20         1      0.05         0  0.655738
0.836398            -578.501              335992

#        20         1      0.05         0  0.651678
0.829095            -572.422              329076

#        20         1      0.05         0  0.647668
0.823465             -567.54              323537

#        20         1      0.05         0  0.643708
0.816994            -561.605              316896

#        20         1      0.05         0  0.639795
0.808135            -555.328              309976

#        20         1      0.05         0   0.63593
0.798246            -548.439              302469

#        20         1      0.05         0  0.632111
0.790177            -542.244              295773

#        20         1      0.05         0  0.628338
0.78162            -535.983              289084

#        20         1      0.05         0   0.62461
0.771054            -528.947              281698

#        20         1      0.05         0  0.620925
0.759063            -521.929              274439

#        20         1      0.05         0  0.617284
0.749669            -514.863              267161

#        20         1      0.05         0  0.613685
0.731211            -506.056              258411

#        20         1      0.05         0  0.610128
0.720124            -498.972              251299

#        20         1      0.05         0  0.606612
0.700497            -489.431              242024

#        20         1      0.05         0  0.603136
0.674446            -479.754              232894

#        20         1      0.05         0    0.5997
0.658723            -471.254              224809

#        20         1      0.05         0  0.596303
0.638897            -462.202              216473

#        20         1      0.05         0  0.592944
0.614744            -452.624              207761

#        20         1      0.05         0  0.589623
0.59001            -443.115              199375

#        20         1      0.05         0  0.586338
0.559617            -432.658              190218

#        20         1      0.05         0   0.58309
0.538218            -424.178              182928

#        20         1      0.05         0  0.579878
0.505534            -412.903              173501

#        20         1      0.05         0  0.576701
0.49279            -406.639              168313

#        20         1      0.05         0  0.573559
0.443218            -393.088              157359

#        20         1      0.05         0  0.570451
0.427315            -386.153              151854

#        20         1      0.05         0  0.567376
0.402706            -377.766              145348

#        20         1      0.05         0  0.564334
0.381592            -369.887              139372

#        20         1      0.05         0  0.561325
0.357747            -362.019              133496

#        20         1      0.05         0  0.558347
0.339427            -355.687              128801

#        20         1      0.05         0  0.555401
0.320729            -348.831              123914

#        20         1      0.05         0  0.552486
0.30475            -342.169              119153

#        20         1      0.05         0  0.549602
0.283212            -335.542              114543

#        20         1      0.05         0  0.546747
0.271044            -329.763              110637

#        20         1      0.05         0  0.543922
0.264563            -325.724              107973

#        20         1      0.05         0  0.541126
0.247901            -320.263              104326

#        20         1      0.05         0  0.538358
0.236624            -315.355              101152

#        20         1      0.05         0  0.535619
0.229068            -311.075             98415.7

#        20         1      0.05         0  0.532907
0.220207            -306.661               95636

#        20         1      0.05         0  0.530223
0.21151             -302.61             93158.6

#        20         1      0.05         0  0.527565
0.199217            -297.248             89836.3

#        20         1      0.05         0  0.524934
0.20102            -294.353               88106

#        20         1      0.05         0   0.52233
0.19455            -290.975             86109.8

#        20         1      0.05         0  0.519751
0.1856            -286.446             83432.5

#        20         1      0.05         0  0.517197
0.182278            -284.005             82051.6

#        20         1      0.05         0  0.514668
0.176408             -279.89             79665.6

#        20         1      0.05         0  0.512164
0.169802            -276.667             77863.2

#        20         1      0.05         0  0.509684
0.165392            -273.233             75948.7

#        20         1      0.05         0  0.507228
0.160749            -270.134             74243.5

#        20         1      0.05         0  0.504796
0.157376            -266.977             72514.5

#        20         1      0.05         0  0.502386
0.154872            -264.381             71126.3

#        20         1      0.05         0       0.5
0.15054            -261.234             69433.5

