#    N    J    D    H   B
#     <|m|>       <E>    <E^2>

#        20         1      2.05         0        10
8.33475e-07          0.00466271             1.01082

#        20         1      2.05         0   9.13242
9.7965e-07            0.004723             1.06426

#        20         1      2.05         0   8.40336
1.5797e-06          0.00520638              1.0024

#        20         1      2.05         0    7.7821
9.97475e-07          0.00490213             1.09171

#        20         1      2.05         0   7.24638
1.31055e-06          0.00526619             1.06343

#        20         1      2.05         0   6.77966
3.8241e-06          0.00579279            0.973079

#        20         1      2.05         0   6.36943
1.25262e-05           0.0103863             1.15958

#        20         1      2.05         0   6.00601
9.50995e-06           0.0120786             1.14248

#        20         1      2.05         0   5.68182
1.81366e-05           0.0185354              1.0587

#        20         1      2.05         0   5.39084
3.31191e-05           0.0307766             1.23468

#        20         1      2.05         0   5.12821
5.57372e-05           0.0494203             1.21507

#        20         1      2.05         0   4.88998
9.16757e-05           0.0778233             1.30471

#        20         1      2.05         0    4.6729
0.000139905            0.121288             1.31149

#        20         1      2.05         0   4.47427
0.000211417            0.183904             1.65492

#        20         1      2.05         0   4.29185
0.000299654            0.260832             1.66566

#        20         1      2.05         0   4.12371
0.0004176             0.37341              2.1719

#        20         1      2.05         0   3.96825
0.000563175            0.510902              2.4857

#        20         1      2.05         0   3.82409
0.000738309            0.688692             2.94776

#        20         1      2.05         0   3.69004
0.000944347            0.915776              3.6255

#        20         1      2.05         0   3.56506
0.00117014             1.18156              4.9628

#        20         1      2.05         0   3.44828
0.00142947             1.51492             6.51134

#        20         1      2.05         0    3.3389
0.00171987             1.91995             8.76129

#        20         1      2.05         0   3.23625
0.00200689             2.36751              11.627

#        20         1      2.05         0   3.13972
0.00234935             2.94102             15.9874

#        20         1      2.05         0   3.04878
0.00268288             3.57656             21.5107

#        20         1      2.05         0   2.96296
0.00304656             4.31496             29.1253

#        20         1      2.05         0   2.88184
0.00341658             5.12621              38.635

#        20         1      2.05         0   2.80505
0.00381883              6.0608             51.4817

#        20         1      2.05         0   2.73224
0.00424719             7.13428             67.6562

#        20         1      2.05         0   2.66312
0.0047116             8.29899             88.3451

#        20         1      2.05         0    2.5974
0.00518008             9.58296             114.041

#        20         1      2.05         0   2.53485
0.00569717              11.027             147.549

#        20         1      2.05         0   2.47525
0.0062156             12.5827             187.457

#        20         1      2.05         0   2.41838
0.00682776             14.3379             238.571

#        20         1      2.05         0   2.36407
0.00749136             16.1739             299.251

#        20         1      2.05         0   2.31214
0.0081598             18.2079             373.613

#        20         1      2.05         0   2.26244
0.00888323             20.3798             462.123

#        20         1      2.05         0   2.21484
0.00964629             22.7047             567.639

#        20         1      2.05         0    2.1692
0.0104607             25.0792             686.828

#        20         1      2.05         0    2.1254
0.0113886             27.7808             835.486

#        20         1      2.05         0   2.08333
0.0123234             30.4855             998.921

#        20         1      2.05         0    2.0429
0.0132769             33.3896             1191.24

#        20         1      2.05         0   2.00401
0.0142606             36.3501             1403.27

#        20         1      2.05         0   1.96657
0.0156385              39.625              1659.7

#        20         1      2.05         0    1.9305
0.0167942             42.9964             1943.19

#        20         1      2.05         0   1.89573
0.0181618             46.2913                2244

#        20         1      2.05         0    1.8622
0.0194686             49.7773             2586.17

#        20         1      2.05         0   1.82983
0.0210916             53.5354             2981.91

#        20         1      2.05         0   1.79856
0.0224468             57.1573             3387.69

#        20         1      2.05         0   1.76835
0.0241782             60.8884             3835.67

#        20         1      2.05         0   1.73913
0.0260467             64.8433             4339.04

#        20         1      2.05         0   1.71086
0.0277481             68.6798             4855.99

#        20         1      2.05         0    1.6835
0.0293931             72.4492             5392.26

#        20         1      2.05         0     1.657
0.0313651              76.358             5979.28

#        20         1      2.05         0   1.63132
0.0328854             80.1091              6571.6

#        20         1      2.05         0   1.60643
0.035202              83.947             7203.44

#        20         1      2.05         0   1.58228
0.0368655              87.606             7833.24

#        20         1      2.05         0   1.55885
0.0392682             91.5219             8537.89

#        20         1      2.05         0    1.5361
0.0412708             95.2585             9236.46

#        20         1      2.05         0     1.514
0.0432451             98.8965             9946.03

#        20         1      2.05         0   1.49254
0.0449698             102.136             10595.3

#        20         1      2.05         0   1.47167
0.0463008             105.612             11321.1

#        20         1      2.05         0   1.45138
0.0488739             109.095             12067.2

#        20         1      2.05         0   1.43164
0.0502999             112.468             12816.3

#        20         1      2.05         0   1.41243
0.0517103             115.535             13515.1

#        20         1      2.05         0   1.39373
0.0538086             118.625             14238.1

#        20         1      2.05         0   1.37552
0.0557418             121.694             14976.1

#        20         1      2.05         0   1.35777
0.0564423             124.695             15715.5

#        20         1      2.05         0   1.34048
0.0582012             127.441               16406

#        20         1      2.05         0   1.32363
0.0597709             130.301             17143.2

#        20         1      2.05         0   1.30719
0.0603977             132.954             17841.4

#        20         1      2.05         0   1.29116
0.0618696             135.581             18545.3

#        20         1      2.05         0   1.27551
0.0623956             138.074               19227

#        20         1      2.05         0   1.26024
0.0643075             140.506             19903.3

#        20         1      2.05         0   1.24533
0.0641607             143.016             20616.7

#        20         1      2.05         0   1.23077
0.064555             145.284             21268.2

#        20         1      2.05         0   1.21655
0.0655836             147.624             21953.7

#        20         1      2.05         0   1.20265
0.0668788             149.889             22629.2

#        20         1      2.05         0   1.18906
0.0669856             151.989             23261.8

#        20         1      2.05         0   1.17578
0.0678684             154.121             23914.5

#        20         1      2.05         0   1.16279
0.0685871             156.211             24563.5

#        20         1      2.05         0   1.15009
0.0682392             158.313               25224

#        20         1      2.05         0   1.13766
0.0690003             160.305             25859.4

#        20         1      2.05         0   1.12549
0.0692645             162.281               26496

#        20         1      2.05         0   1.11359
0.069439             164.124             27097.9

#        20         1      2.05         0   1.10193
0.0702189             166.007             27720.5

#        20         1      2.05         0   1.09051
0.070124              167.91             28356.9

#        20         1      2.05         0   1.07933
0.0705886             169.781             28988.5

#        20         1      2.05         0   1.06838
0.0707221             171.569             29599.2

#        20         1      2.05         0   1.05764
0.0713241             173.194             30160.7

#        20         1      2.05         0   1.04712
0.0711405             175.099             30824.7

#        20         1      2.05         0   1.03681
0.0710472             176.748             31407.1

#        20         1      2.05         0   1.02669
0.0706216             178.394             31991.3

#        20         1      2.05         0   1.01678
0.0711896             180.068             32591.5

#        20         1      2.05         0   1.00705
0.0702467             181.758             33205.6

#        20         1      2.05         0  0.997506
0.0707097             183.329             33778.7

#        20         1      2.05         0  0.988142
0.0703026              184.87               34349

#        20         1      2.05         0  0.978953
0.0706338             186.634               35003

#        20         1      2.05         0  0.969932
0.0707349             187.977             35509.1

#        20         1      2.05         0  0.961076
0.0701175             189.619             36128.8

#        20         1      2.05         0  0.952381
0.070183              191.16             36717.2

#        20         1      2.05         0  0.943841
0.0700259             192.682             37302.4

#        20         1      2.05         0  0.935454
0.0699563             194.127             37863.8

#        20         1      2.05         0  0.927214
0.0704894             195.596             38437.3

#        20         1      2.05         0  0.919118
0.0697663              197.03             39000.8

#        20         1      2.05         0  0.911162
0.069275             198.468             39571.1

#        20         1      2.05         0  0.903342
0.0693192             199.858             40125.7

#        20         1      2.05         0  0.895656
0.0687979             201.313             40711.6

#        20         1      2.05         0  0.888099
0.0696372             202.744             41291.3

#        20         1      2.05         0  0.880669
0.0694406             204.078             41836.2

#        20         1      2.05         0  0.873362
0.0681789             205.483             42412.2

#        20         1      2.05         0  0.866176
0.0683147             206.772             42945.6

#        20         1      2.05         0  0.859107
0.0677574             208.179             43530.1

#        20         1      2.05         0  0.852152
0.0680141              209.44             44057.9

#        20         1      2.05         0  0.845309
0.0677589              210.87             44660.4

#        20         1      2.05         0  0.838574
0.0669707             212.167             45210.8

#        20         1      2.05         0  0.831947
0.0672798             213.447               45757

#        20         1      2.05         0  0.825423
0.0667883             214.772               46326

#        20         1      2.05         0  0.819001
0.0670599             215.998             46854.7

#        20         1      2.05         0  0.812678
0.0661459             217.264               47405

#        20         1      2.05         0  0.806452
0.0667183              218.49               47942

#        20         1      2.05         0   0.80032
0.0660019             219.824             48528.3

#        20         1      2.05         0  0.794281
0.0657707             221.058               49073

#        20         1      2.05         0  0.788333
0.0659673             222.347             49647.2

#        20         1      2.05         0  0.782473
0.065635             223.581             50197.8

#        20         1      2.05         0  0.776699
0.0652122             224.685             50694.1

#        20         1      2.05         0   0.77101
0.0652311             225.935             51259.5

#        20         1      2.05         0  0.765404
0.0648985             227.166             51820.5

#        20         1      2.05         0  0.759878
0.0646228             228.379             52372.5

#        20         1      2.05         0  0.754432
0.064668             229.472             52876.2

#        20         1      2.05         0  0.749064
0.0646076             230.657             53422.7

#        20         1      2.05         0  0.743771
0.0637864             231.883             53990.8

#        20         1      2.05         0  0.738552
0.0636259             232.959             54491.5

#        20         1      2.05         0  0.733407
0.063732              234.14             55045.6

#        20         1      2.05         0  0.728332
0.0630815             235.334             55607.1

#        20         1      2.05         0  0.723327
0.0635791             236.401             56112.1

#        20         1      2.05         0  0.718391
0.0635182              237.52             56644.1

#        20         1      2.05         0  0.713521
0.0623739             238.734             57224.8

#        20         1      2.05         0  0.708717
0.0627787             239.848             57759.8

#        20         1      2.05         0  0.703977
0.0623612             240.847               58241

#        20         1      2.05         0  0.699301
0.0618164             242.031             58814.1

#        20         1      2.05         0  0.694686
0.0623114             242.969               59270

#        20         1      2.05         0  0.690131
0.061719             244.193             59869.6

#        20         1      2.05         0  0.685636
0.0617593             245.184             60355.9

#        20         1      2.05         0  0.681199
0.0614938             246.321             60916.6

#        20         1      2.05         0  0.676819
0.0611134              247.36             61431.5

#        20         1      2.05         0  0.672495
0.0609707             248.379             61937.5

#        20         1      2.05         0  0.668226
0.0607019             249.449             62472.1

#        20         1      2.05         0  0.664011
0.0605             250.579             63037.8

#        20         1      2.05         0  0.659848
0.0607431             251.572               63538

#        20         1      2.05         0  0.655738
0.0598711              252.62             64068.9

#        20         1      2.05         0  0.651678
0.0599147             253.636             64583.9

#        20         1      2.05         0  0.647668
0.0597453             254.624             65087.3

#        20         1      2.05         0  0.643708
0.0596782              255.56             65567.3

#        20         1      2.05         0  0.639795
0.0594308             256.673             66138.4

#        20         1      2.05         0   0.63593
0.0590366             257.648             66641.6

#        20         1      2.05         0  0.632111
0.0587086             258.682             67177.4

#        20         1      2.05         0  0.628338
0.0588622             259.664             67688.1

#        20         1      2.05         0   0.62461
0.0581507             260.545             68146.7

#        20         1      2.05         0  0.620925
0.0587121             261.584             68690.4

#        20         1      2.05         0  0.617284
0.0579663             262.584             69216.7

#        20         1      2.05         0  0.613685
0.0581917             263.575             69740.2

#        20         1      2.05         0  0.610128
0.0576792             264.406             70179.5

#        20         1      2.05         0  0.606612
0.0578937             265.382             70698.8

#        20         1      2.05         0  0.603136
0.0578179             266.382             71233.2

#        20         1      2.05         0    0.5997
0.0575788              267.33             71738.9

#        20         1      2.05         0  0.596303
0.057295             268.251             72233.8

#        20         1      2.05         0  0.592944
0.0571512             269.147               72717

#        20         1      2.05         0  0.589623
0.0570615             270.032             73194.6

#        20         1      2.05         0  0.586338
0.0570388             270.992             73716.3

#        20         1      2.05         0   0.58309
0.0569552             271.969             74249.6

#        20         1      2.05         0  0.579878
0.0567324             272.851             74730.6

#        20         1      2.05         0  0.576701
0.0566155             273.704             75199.2

#        20         1      2.05         0  0.573559
0.0563584             274.596             75688.9

#        20         1      2.05         0  0.570451
0.0559697             275.505             76190.8

#        20         1      2.05         0  0.567376
0.0562385             276.375             76672.7

#        20         1      2.05         0  0.564334
0.0561312             277.241             77151.6

#        20         1      2.05         0  0.561325
0.0555572             278.149             77659.1

#        20         1      2.05         0  0.558347
0.0556088             279.037             78155.1

#        20         1      2.05         0  0.555401
0.0553343             279.872             78622.1

#        20         1      2.05         0  0.552486
0.0553455             280.708             79093.2

#        20         1      2.05         0  0.549602
0.0550799              281.58             79583.8

#        20         1      2.05         0  0.546747
0.0551619             282.508             80110.1

#        20         1      2.05         0  0.543922
0.0546767             283.277             80545.9

#        20         1      2.05         0  0.541126
0.0547574             284.165               81050

#        20         1      2.05         0  0.538358
0.0548313             284.965             81507.4

#        20         1      2.05         0  0.535619
0.0546276             285.784             81975.3

#        20         1      2.05         0  0.532907
0.0543101             286.583             82435.1

#        20         1      2.05         0  0.530223
0.0541534              287.43             82921.7

#        20         1      2.05         0  0.527565
0.0542832             288.231             83385.8

#        20         1      2.05         0  0.524934
0.0539796             288.975             83816.2

#        20         1      2.05         0   0.52233
0.0539452             289.849               84324

#        20         1      2.05         0  0.519751
0.0539183             290.664             84798.4

#        20         1      2.05         0  0.517197
0.0537878             291.508             85290.5

#        20         1      2.05         0  0.514668
0.0533544             292.239             85719.2

#        20         1      2.05         0  0.512164
0.0534571             292.996             86162.6

#        20         1      2.05         0  0.509684
0.0533561             293.844             86662.1

#        20         1      2.05         0  0.507228
0.0533743             294.619             87119.7

#        20         1      2.05         0  0.504796
0.0530186             295.321               87534

#        20         1      2.05         0  0.502386
0.0527795             296.199             88054.9

#        20         1      2.05         0       0.5
0.0527904             296.817             88421.3

