#    N    J    D    H   B
#     <|m|>       <E>    <E^2>

#        20         1       1.6         0        10
0.995802            -159.428             25455.7

#        20         1       1.6         0   9.13242
0.999868            -159.962             25591.8

#        20         1       1.6         0   8.40336
0.996596            -159.588             25495.9

#        20         1       1.6         0    7.7821
0.999806            -159.952               25590

#        20         1       1.6         0   7.24638
0.999264            -159.874               25569

#        20         1       1.6         0   6.77966
0.999378            -159.899               25576

#        20         1       1.6         0   6.36943
0.999241            -159.877             25571.1

#        20         1       1.6         0   6.00601
0.0999115            -103.899             10798.1

#        20         1       1.6         0   5.68182
0.998969            -159.853             25565.7

#        20         1       1.6         0   5.39084
0.0149896            -103.841             10785.3

#        20         1       1.6         0   5.12821
0.999593            -159.932             25584.2

#        20         1       1.6         0   4.88998
0.99978            -159.948             25588.6

#        20         1       1.6         0    4.6729
0.999751            -159.943             25586.3

#        20         1       1.6         0   4.47427
0.999554            -159.909             25578.6

#        20         1       1.6         0   4.29185
0.99987            -159.942             25585.2

#        20         1       1.6         0   4.12371
0.999423            -159.873             25567.3

#        20         1       1.6         0   3.96825
0.999753            -159.894             25571.4

#        20         1       1.6         0   3.82409
0.999528            -159.839             25555.1

#        20         1       1.6         0   3.69004
0.885152            -151.178             23291.4

#        20         1       1.6         0   3.56506
0.999135            -159.725             25521.5

#        20         1       1.6         0   3.44828
0.999709            -159.737             25518.9

#        20         1       1.6         0    3.3389
0.999446            -159.636             25490.1

#        20         1       1.6         0   3.23625
0.999224             -159.52             25453.5

#        20         1       1.6         0   3.13972
0.999222            -159.427             25423.6

#        20         1       1.6         0   3.04878
0.999125            -159.298             25382.1

#        20         1       1.6         0   2.96296
0.998879            -159.146             25335.1

#        20         1       1.6         0   2.88184
0.998315            -158.912             25264.2

#        20         1       1.6         0   2.80505
0.998501            -158.741             25207.4

#        20         1       1.6         0   2.73224
0.998142            -158.488             25128.6

#        20         1       1.6         0   2.66312
0.998094            -158.259             25053.2

#        20         1       1.6         0    2.5974
0.984427            -156.653             24635.1

#        20         1       1.6         0   2.53485
0.997353            -157.592             24845.5

#        20         1       1.6         0   2.47525
0.99666            -157.175             24717.8

#        20         1       1.6         0   2.41838
0.993791            -156.456             24512.4

#        20         1       1.6         0   2.36407
0.995851            -156.281             24438.9

#        20         1       1.6         0   2.31214
0.989991            -155.272             24163.4

#        20         1       1.6         0   2.26244
0.994405            -155.142             24088.1

#        20         1       1.6         0   2.21484
0.986318            -153.901             23753.3

#        20         1       1.6         0    2.1692
0.992862            -153.852             23694.2

#        20         1       1.6         0    2.1254
0.992426             -153.18             23485.9

#        20         1       1.6         0   2.08333
0.988379             -152.07             23176.1

#        20         1       1.6         0    2.0429
0.986715            -151.136             22899.4

#        20         1       1.6         0   2.00401
0.989474            -150.607             22712.4

#        20         1       1.6         0   1.96657
0.988419            -149.652             22428.1

#        20         1       1.6         0    1.9305
0.987119            -148.644             22131.4

#        20         1       1.6         0   1.89573
0.986009            -147.571             21814.6

#        20         1       1.6         0    1.8622
0.984479            -146.385             21470.6

#        20         1       1.6         0   1.82983
0.983159            -145.136             21108.1

#        20         1       1.6         0   1.79856
0.977242            -143.387             20646.1

#        20         1       1.6         0   1.76835
0.979825             -142.45             20345.6

#        20         1       1.6         0   1.73913
0.972033            -140.432             19824.1

#        20         1       1.6         0   1.71086
0.976259            -139.552             19536.3

#        20         1       1.6         0    1.6835
0.97356            -137.765             19051.7

#        20         1       1.6         0     1.657
0.97214             -136.22             18627.6

#        20         1       1.6         0   1.63132
0.969962            -134.436             18148.2

#        20         1       1.6         0   1.60643
0.967791            -132.687             17686.9

#        20         1       1.6         0   1.58228
0.965349            -130.732             17176.7

#        20         1       1.6         0   1.55885
0.962603            -128.749             16669.7

#        20         1       1.6         0    1.5361
0.960244            -126.758             16164.1

#        20         1       1.6         0     1.514
0.957369            -124.599             15629.5

#        20         1       1.6         0   1.49254
0.952861            -122.272             15077.4

#        20         1       1.6         0   1.47167
0.949286            -119.944             14523.2

#        20         1       1.6         0   1.45138
0.948256            -117.777             13994.6

#        20         1       1.6         0   1.43164
0.943851            -115.259             13428.8

#        20         1       1.6         0   1.41243
0.940168            -112.642             12838.8

#        20         1       1.6         0   1.39373
0.937574            -110.169             12285.6

#        20         1       1.6         0   1.37552
0.933779            -107.543             11724.2

#        20         1       1.6         0   1.35777
0.930162            -104.859             11157.8

#        20         1       1.6         0   1.34048
0.925828            -101.877             10549.6

#        20         1       1.6         0   1.32363
0.921584            -98.9942             9981.36

#        20         1       1.6         0   1.30719
0.917277            -96.0344             9412.15

#        20         1       1.6         0   1.29116
0.91268            -93.0173             8852.08

#        20         1       1.6         0   1.27551
0.907773            -89.8234              8277.1

#        20         1       1.6         0   1.26024
0.902911            -86.7703             7750.17

#        20         1       1.6         0   1.24533
0.897988            -83.4911             7199.11

#        20         1       1.6         0   1.23077
0.89313            -80.3284             6685.53

#        20         1       1.6         0   1.21655
0.887541             -76.881             6157.15

#        20         1       1.6         0   1.20265
0.881754            -73.3266             5636.23

#        20         1       1.6         0   1.18906
0.8751            -69.7856             5148.66

#        20         1       1.6         0   1.17578
0.869647            -66.0894             4649.44

#        20         1       1.6         0   1.16279
0.863155            -62.4701             4201.74

#        20         1       1.6         0   1.15009
0.857032            -58.7152             3751.55

#        20         1       1.6         0   1.13766
0.850383            -54.9186             3331.52

#        20         1       1.6         0   1.12549
0.843336            -51.0321             2933.81

#        20         1       1.6         0   1.11359
0.836456            -47.2555             2580.31

#        20         1       1.6         0   1.10193
0.828655            -43.0129              2208.1

#        20         1       1.6         0   1.09051
0.82076            -38.8941             1884.32

#        20         1       1.6         0   1.07933
0.811761            -34.4423             1575.09

#        20         1       1.6         0   1.06838
0.803144            -30.3796             1336.94

#        20         1       1.6         0   1.05764
0.795486            -26.1398             1104.39

#        20         1       1.6         0   1.04712
0.785843            -21.6953             908.727

#        20         1       1.6         0   1.03681
0.775265            -16.9642             742.394

#        20         1       1.6         0   1.02669
0.765151            -12.2796             633.693

#        20         1       1.6         0   1.01678
0.755056            -7.78878             553.851

#        20         1       1.6         0   1.00705
0.74338            -2.74166             515.517

#        20         1       1.6         0  0.997506
0.728291             2.62539              568.78

#        20         1       1.6         0  0.988142
0.71349             8.01944             652.985

#        20         1       1.6         0  0.978953
0.70415             12.2133             740.859

#        20         1       1.6         0  0.969932
0.681838             19.1198              1013.9

#        20         1       1.6         0  0.961076
0.665604             24.4482             1282.85

#        20         1       1.6         0  0.952381
0.64671             30.1043             1617.17

#        20         1       1.6         0  0.943841
0.621722             36.8106             2121.78

#        20         1       1.6         0  0.935454
0.594492              43.356             2684.12

#        20         1       1.6         0  0.927214
0.564174             50.4519             3383.45

#        20         1       1.6         0  0.919118
0.536169               57.16             4114.67

#        20         1       1.6         0  0.911162
0.50997             63.1619             4843.34

#        20         1       1.6         0  0.903342
0.468241             70.8797             5870.37

#        20         1       1.6         0  0.895656
0.429219              77.631             6858.52

#        20         1       1.6         0  0.888099
0.404369             83.5836             7763.46

#        20         1       1.6         0  0.880669
0.372047             89.2022             8697.55

#        20         1       1.6         0  0.873362
0.352317             93.6704             9465.38

#        20         1       1.6         0  0.866176
0.321975              98.681             10399.8

#        20         1       1.6         0  0.859107
0.297774             103.555             11333.4

#        20         1       1.6         0  0.852152
0.280236             107.709             12173.8

#        20         1       1.6         0  0.845309
0.258883             111.593             12982.6

#        20         1       1.6         0  0.838574
0.248847             114.478             13616.5

#        20         1       1.6         0  0.831947
0.236467             117.545             14297.5

#        20         1       1.6         0  0.825423
0.222739             120.868             15062.1

#        20         1       1.6         0  0.819001
0.209494             123.731             15741.3

#        20         1       1.6         0  0.812678
0.199704             126.374             16387.6

#        20         1       1.6         0  0.806452
0.191854             128.819             16998.6

#        20         1       1.6         0   0.80032
0.181925             131.553             17692.9

#        20         1       1.6         0  0.794281
0.17385             133.733             18258.3

#        20         1       1.6         0  0.788333
0.168281             135.792             18805.8

#        20         1       1.6         0  0.782473
0.164641             137.701             19318.9

#        20         1       1.6         0  0.776699
0.156412             140.276             20025.5

#        20         1       1.6         0   0.77101
0.151944             142.277               20581

#        20         1       1.6         0  0.765404
0.14868             143.742               21000

#        20         1       1.6         0  0.759878
0.143481             145.733             21570.1

#        20         1       1.6         0  0.754432
0.140549             147.358             22039.4

#        20         1       1.6         0  0.749064
0.135724             149.237               22590

#        20         1       1.6         0  0.743771
0.133876             150.814             23064.5

#        20         1       1.6         0  0.738552
0.129115             152.597             23597.7

#        20         1       1.6         0  0.733407
0.126268             154.242             24100.2

#        20         1       1.6         0  0.728332
0.124376             155.641             24530.2

#        20         1       1.6         0  0.723327
0.121558             157.038             24965.7

#        20         1       1.6         0  0.718391
0.118211             158.675             25477.6

#        20         1       1.6         0  0.713521
0.116935             160.078             25925.1

#        20         1       1.6         0  0.708717
0.114443             161.598             26411.4

#        20         1       1.6         0  0.703977
0.111164             162.994             26862.5

#        20         1       1.6         0  0.699301
0.109471             164.398             27319.5

#        20         1       1.6         0  0.694686
0.107755             165.619               27723

#        20         1       1.6         0  0.690131
0.106493              167.06             28202.1

#        20         1       1.6         0  0.685636
0.105053             168.404             28649.6

#        20         1       1.6         0  0.681199
0.101877             169.728             29096.2

#        20         1       1.6         0  0.676819
0.101186             170.856               29479

#        20         1       1.6         0  0.672495
0.10029             172.227             29947.9

#        20         1       1.6         0  0.668226
0.0984294             173.441             30366.3

#        20         1       1.6         0  0.664011
0.0988508              174.39             30698.9

#        20         1       1.6         0  0.659848
0.0958834             175.773             31182.5

#        20         1       1.6         0  0.655738
0.0945394             176.993             31611.2

#        20         1       1.6         0  0.651678
0.0935662             178.095               32001

#        20         1       1.6         0  0.647668
0.0924853             179.225             32406.8

#        20         1       1.6         0  0.643708
0.0912047             180.308             32793.5

#        20         1       1.6         0  0.639795
0.0899135             181.452               33208

#        20         1       1.6         0   0.63593
0.0887469             182.583             33617.1

#        20         1       1.6         0  0.632111
0.0879902             183.631             34002.6

#        20         1       1.6         0  0.628338
0.0880992              184.63             34370.9

#        20         1       1.6         0   0.62461
0.0855764             185.773             34792.8

#        20         1       1.6         0  0.620925
0.0856502             186.678             35130.6

#        20         1       1.6         0  0.617284
0.0844302             187.858               35574

#        20         1       1.6         0  0.613685
0.0838705             188.808             35931.6

#        20         1       1.6         0  0.610128
0.0835533             189.683             36261.5

#        20         1       1.6         0  0.606612
0.0820959             190.791               36681

#        20         1       1.6         0  0.603136
0.0815965             191.831             37082.1

#        20         1       1.6         0    0.5997
0.0806806             192.853               37474

#        20         1       1.6         0  0.596303
0.0804787             193.749             37820.5

#        20         1       1.6         0  0.592944
0.0793362             194.716             38198.6

#        20         1       1.6         0  0.589623
0.0787143             195.607             38545.5

#        20         1       1.6         0  0.586338
0.0774722             196.545             38913.5

#        20         1       1.6         0   0.58309
0.0771344             197.511             39293.6

#        20         1       1.6         0  0.579878
0.0768705              198.38             39638.8

#        20         1       1.6         0  0.576701
0.0758843              199.26             39988.5

#        20         1       1.6         0  0.573559
0.0758608             200.233             40378.5

#        20         1       1.6         0  0.570451
0.0753615             201.094             40723.2

#        20         1       1.6         0  0.567376
0.0745966             201.909             41052.6

#        20         1       1.6         0  0.564334
0.0737756             202.818             41422.5

#        20         1       1.6         0  0.561325
0.0730244             203.652             41758.5

#        20         1       1.6         0  0.558347
0.0733287             204.432             42078.7

#        20         1       1.6         0  0.555401
0.0726681             205.347               42454

#        20         1       1.6         0  0.552486
0.0720271             206.259             42830.2

#        20         1       1.6         0  0.549602
0.0716067             206.936             43110.1

#        20         1       1.6         0  0.546747
0.0712273             207.886             43504.6

#        20         1       1.6         0  0.543922
0.0708129             208.585             43794.7

#        20         1       1.6         0  0.541126
0.0703595             209.429             44148.9

#        20         1       1.6         0  0.538358
0.0700047             210.335             44529.1

#        20         1       1.6         0  0.535619
0.0697499             211.034             44824.6

#        20         1       1.6         0  0.532907
0.0693023             211.822             45159.7

#        20         1       1.6         0  0.530223
0.0689749             212.605               45494

#        20         1       1.6         0  0.527565
0.0685251             213.377               45822

#        20         1       1.6         0  0.524934
0.0679456             214.231             46187.4

#        20         1       1.6         0   0.52233
0.0675289             214.954             46499.2

#        20         1       1.6         0  0.519751
0.0672233             215.644             46793.8

#        20         1       1.6         0  0.517197
0.0670596             216.463             47148.1

#        20         1       1.6         0  0.514668
0.0665322             217.238               47487

#        20         1       1.6         0  0.512164
0.0663566             217.891             47771.5

#        20         1       1.6         0  0.509684
0.0662355              218.57             48067.2

#        20         1       1.6         0  0.507228
0.0656231             219.355             48412.4

#        20         1       1.6         0  0.504796
0.0655546             220.097             48740.1

#        20         1       1.6         0  0.502386
0.0651077             220.852             49073.6

#        20         1       1.6         0       0.5
0.0647922             221.499             49357.5

