#    N    J    D    H   B
#     <|m|>       <E>    <E^2>

#        20         1       0.4         0        10
0.999589            -639.882              409464

#        20         1       0.4         0   9.13242
0.999646            -639.903              409488

#        20         1       0.4         0   8.40336
0.9998            -639.938              409530

#        20         1       0.4         0    7.7821
0.997927            -639.638              409184

#        20         1       0.4         0   7.24638
0.999812            -639.946              409540

#        20         1       0.4         0   6.77966
0.100003            -559.955              313555

#        20         1       0.4         0   6.36943
0.998781            -639.799              409368

#        20         1       0.4         0   6.00601
0.999771            -639.943              409537

#        20         1       0.4         0   5.68182
0.99973            -639.937              409529

#        20         1       0.4         0   5.39084
0.999572            -639.904              409491

#        20         1       0.4         0   5.12821
0.999906            -639.967              409564

#        20         1       0.4         0   4.88998
0.999761            -639.941              409534

#        20         1       0.4         0    4.6729
0.99987            -639.958              409555

#        20         1       0.4         0   4.47427
0.999888            -639.966              409564

#        20         1       0.4         0   4.29185
0.999681            -639.935              409528

#        20         1       0.4         0   4.12371
0.999542            -639.918              409508

#        20         1       0.4         0   3.96825
0.999627            -639.925              409515

#        20         1       0.4         0   3.82409
0.999923            -639.968              409566

#        20         1       0.4         0   3.69004
0.999698            -639.938              409530

#        20         1       0.4         0   3.56506
0.999649            -639.921              409511

#        20         1       0.4         0   3.44828
0.168451            -559.283              312803

#        20         1       0.4         0    3.3389
0.999905            -639.963              409558

#        20         1       0.4         0   3.23625
0.999828            -639.943              409536

#        20         1       0.4         0   3.13972
0.999902            -639.952              409546

#        20         1       0.4         0   3.04878
0.999896            -639.946              409537

#        20         1       0.4         0   2.96296
0.999669            -639.902              409486

#        20         1       0.4         0   2.88184
0.819863            -620.506              386254

#        20         1       0.4         0   2.80505
0.999685            -639.884              409462

#        20         1       0.4         0   2.73224
0.99913            -639.688              409226

#        20         1       0.4         0   2.66312
0.999741            -639.859              409428

#        20         1       0.4         0    2.5974
0.99964            -639.816              409375

#        20         1       0.4         0   2.53485
0.961284            -635.151              403797

#        20         1       0.4         0   2.47525
0.955885             -634.85              403437

#        20         1       0.4         0   2.41838
0.999572            -639.697              409224

#        20         1       0.4         0   2.36407
0.999584            -639.655              409169

#        20         1       0.4         0   2.31214
0.999611            -639.614              409115

#        20         1       0.4         0   2.26244
0.939188             -632.41              400522

#        20         1       0.4         0   2.21484
0.992556            -638.412              407671

#        20         1       0.4         0    2.1692
0.980579            -636.948              405921

#        20         1       0.4         0    2.1254
0.967997            -635.334              403995

#        20         1       0.4         0   2.08333
0.986639            -637.559              406634

#        20         1       0.4         0    2.0429
0.999305             -639.05              408395

#        20         1       0.4         0   2.00401
0.999193            -638.907              408212

#        20         1       0.4         0   1.96657
0.999103            -638.742              408002

#        20         1       0.4         0    1.9305
0.989658            -637.261              406231

#        20         1       0.4         0   1.89573
0.998659            -638.337              407490

#        20         1       0.4         0    1.8622
0.998439            -638.139              407239

#        20         1       0.4         0   1.82983
0.985857            -636.264              405002

#        20         1       0.4         0   1.79856
0.998278            -637.662              406630

#        20         1       0.4         0   1.76835
0.998018            -637.405              406303

#        20         1       0.4         0   1.73913
0.959062            -632.015              399930

#        20         1       0.4         0   1.71086
0.98584            -635.466              403965

#        20         1       0.4         0    1.6835
0.997472            -636.497              405148

#        20         1       0.4         0     1.657
0.997247            -636.124              404675

#        20         1       0.4         0   1.63132
0.975375             -632.93              400897

#        20         1       0.4         0   1.60643
0.996698            -635.349              403693

#        20         1       0.4         0   1.58228
0.957294            -630.345              397796

#        20         1       0.4         0   1.55885
0.996097            -634.479              402591

#        20         1       0.4         0    1.5361
0.995702            -633.983              401964

#        20         1       0.4         0     1.514
0.995246            -633.424              401260

#        20         1       0.4         0   1.49254
0.994948            -632.925              400628

#        20         1       0.4         0   1.47167
0.994478            -632.319              399867

#        20         1       0.4         0   1.45138
0.993875            -631.685              399069

#        20         1       0.4         0   1.43164
0.993587            -631.126              398362

#        20         1       0.4         0   1.41243
0.984994            -629.364              396252

#        20         1       0.4         0   1.39373
0.992455            -629.736              396618

#        20         1       0.4         0   1.37552
0.992151            -629.042              395744

#        20         1       0.4         0   1.35777
0.991425            -628.219              394715

#        20         1       0.4         0   1.34048
0.991097            -627.514              393831

#        20         1       0.4         0   1.32363
0.990381            -626.667              392774

#        20         1       0.4         0   1.30719
0.98989            -625.781              391662

#        20         1       0.4         0   1.29116
0.968484            -621.962              387207

#        20         1       0.4         0   1.27551
0.988395             -623.96              389400

#        20         1       0.4         0   1.26024
0.987914            -623.018              388223

#        20         1       0.4         0   1.24533
0.985038            -621.719              386642

#        20         1       0.4         0   1.23077
0.986292            -620.929              385636

#        20         1       0.4         0   1.21655
0.976632            -618.687              382993

#        20         1       0.4         0   1.20265
0.981895            -618.328              382473

#        20         1       0.4         0   1.18906
0.98399            -617.629              381559

#        20         1       0.4         0   1.17578
0.983117            -616.453              380115

#        20         1       0.4         0   1.16279
0.982031            -615.156              378525

#        20         1       0.4         0   1.15009
0.981287             -614.02              377132

#        20         1       0.4         0   1.13766
0.980161            -612.545              375328

#        20         1       0.4         0   1.12549
0.97929            -611.333              373851

#        20         1       0.4         0   1.11359
0.976295            -609.659              371846

#        20         1       0.4         0   1.10193
0.976902             -608.38              370267

#        20         1       0.4         0   1.09051
0.975653            -606.993              368590

#        20         1       0.4         0   1.07933
0.97286            -605.223              366476

#        20         1       0.4         0   1.06838
0.971677            -603.663              364602

#        20         1       0.4         0   1.05764
0.971202            -602.253              362893

#        20         1       0.4         0   1.04712
0.97154            -600.832              361165

#        20         1       0.4         0   1.03681
0.968466             -598.89              358872

#        20         1       0.4         0   1.02669
0.967596            -597.221              356878

#        20         1       0.4         0   1.01678
0.967735            -595.811              355179

#        20         1       0.4         0   1.00705
0.962332            -593.295              352257

#        20         1       0.4         0  0.997506
0.963131            -591.793              350451

#        20         1       0.4         0  0.988142
0.961061            -589.765              348076

#        20         1       0.4         0  0.978953
0.961958            -588.217              346225

#        20         1       0.4         0  0.969932
0.960385            -586.313              343994

#        20         1       0.4         0  0.961076
0.958894            -584.281              341624

#        20         1       0.4         0  0.952381
0.957175            -582.069              339054

#        20         1       0.4         0  0.943841
0.954232            -579.858              336523

#        20         1       0.4         0  0.935454
0.953887            -577.865              334200

#        20         1       0.4         0  0.927214
0.951995            -575.658              331668

#        20         1       0.4         0  0.919118
0.949104            -573.281              328969

#        20         1       0.4         0  0.911162
0.948549            -571.045              326395

#        20         1       0.4         0  0.903342
0.946683            -568.763              323810

#        20         1       0.4         0  0.895656
0.944848            -566.409              321146

#        20         1       0.4         0  0.888099
0.942964            -564.089              318536

#        20         1       0.4         0  0.880669
0.940393            -561.226              315335

#        20         1       0.4         0  0.873362
0.938648            -558.798              312627

#        20         1       0.4         0  0.866176
0.936499            -556.152              309688

#        20         1       0.4         0  0.859107
0.934222             -553.65              306929

#        20         1       0.4         0  0.852152
0.931918            -550.744              303731

#        20         1       0.4         0  0.845309
0.929713            -547.945              300673

#        20         1       0.4         0  0.838574
0.927283            -545.134              297614

#        20         1       0.4         0  0.831947
0.92499            -542.274              294516

#        20         1       0.4         0  0.825423
0.922331            -539.191              291203

#        20         1       0.4         0  0.819001
0.919614              -536.1              287895

#        20         1       0.4         0  0.812678
0.917106            -533.103              284703

#        20         1       0.4         0  0.806452
0.914358            -530.047              281477

#        20         1       0.4         0   0.80032
0.910997            -526.769              278049

#        20         1       0.4         0  0.794281
0.908647            -523.397              274507

#        20         1       0.4         0  0.788333
0.905475            -519.915              270899

#        20         1       0.4         0  0.782473
0.902233            -516.548              267433

#        20         1       0.4         0  0.776699
0.899275            -512.991              263784

#        20         1       0.4         0   0.77101
0.894722            -509.047              259795

#        20         1       0.4         0  0.765404
0.892534            -505.789              256499

#        20         1       0.4         0  0.759878
0.888974            -502.116              252822

#        20         1       0.4         0  0.754432
0.884977            -498.021              248748

#        20         1       0.4         0  0.749064
0.881427            -494.222              245010

#        20         1       0.4         0  0.743771
0.876792            -489.853              240754

#        20         1       0.4         0  0.738552
0.873321            -485.957              236971

#        20         1       0.4         0  0.733407
0.869197            -481.898              233066

#        20         1       0.4         0  0.728332
0.864716            -477.418              228802

#        20         1       0.4         0  0.723327
0.860466            -473.302              224921

#        20         1       0.4         0  0.718391
0.855424            -468.567              220498

#        20         1       0.4         0  0.713521
0.850309            -463.814              216102

#        20         1       0.4         0  0.708717
0.845078             -459.23              211908

#        20         1       0.4         0  0.703977
0.838899            -454.397              207554

#        20         1       0.4         0  0.699301
0.833389            -449.135              202847

#        20         1       0.4         0  0.694686
0.827069            -444.343              198604

#        20         1       0.4         0  0.690131
0.820918            -438.711              193680

#        20         1       0.4         0  0.685636
0.814381            -433.317              189015

#        20         1       0.4         0  0.681199
0.806875            -427.604              184160

#        20         1       0.4         0  0.676819
0.799572            -421.922              179371

#        20         1       0.4         0  0.672495
0.79063            -415.811              174349

#        20         1       0.4         0  0.668226
0.781672            -409.807              169442

#        20         1       0.4         0  0.664011
0.771914            -403.357              164291

#        20         1       0.4         0  0.659848
0.759056            -396.149              158680

#        20         1       0.4         0  0.655738
0.749201            -389.525              153491

#        20         1       0.4         0  0.651678
0.733464            -381.828              147680

#        20         1       0.4         0  0.647668
0.716537            -373.119              141259

#        20         1       0.4         0  0.643708
0.703223             -366.22              136248

#        20         1       0.4         0  0.639795
0.685403            -357.775              130229

#        20         1       0.4         0   0.63593
0.669525            -350.363              125028

#        20         1       0.4         0  0.632111
0.641331            -339.414              117641

#        20         1       0.4         0  0.628338
0.617705            -330.154              111538

#        20         1       0.4         0   0.62461
0.586685            -319.979              105036

#        20         1       0.4         0  0.620925
0.567055            -311.312             99555.6

#        20         1       0.4         0  0.617284
0.539307            -301.882             93773.8

#        20         1       0.4         0  0.613685
0.517199            -293.925             89007.6

#        20         1       0.4         0  0.610128
0.485978            -284.049             83215.8

#        20         1       0.4         0  0.606612
0.443144            -272.344             76657.6

#        20         1       0.4         0  0.603136
0.424755            -265.389               72906

#        20         1       0.4         0    0.5997
0.401114            -257.707             68705.2

#        20         1       0.4         0  0.596303
0.378002            -249.709             64582.7

#        20         1       0.4         0  0.592944
0.3574            -242.964             61138.4

#        20         1       0.4         0  0.589623
0.342438             -237.09             58224.1

#        20         1       0.4         0  0.586338
0.321384            -230.273             54927.3

#        20         1       0.4         0   0.58309
0.29868            -222.927             51526.6

#        20         1       0.4         0  0.579878
0.285748            -218.845               49662

#        20         1       0.4         0  0.576701
0.272862            -212.971             47025.7

#        20         1       0.4         0  0.573559
0.255701            -207.118             44472.1

#        20         1       0.4         0  0.570451
0.244108             -202.43             42485.3

#        20         1       0.4         0  0.567376
0.23205             -197.73             40532.5

#        20         1       0.4         0  0.564334
0.227065            -193.779               38965

#        20         1       0.4         0  0.561325
0.213991            -189.195             37129.3

#        20         1       0.4         0  0.558347
0.204195            -185.426             35672.8

#        20         1       0.4         0  0.555401
0.201801            -182.269             34497.2

#        20         1       0.4         0  0.552486
0.193143            -177.963             32891.6

#        20         1       0.4         0  0.549602
0.189723            -174.928             31813.7

#        20         1       0.4         0  0.546747
0.179852            -171.037             30421.6

#        20         1       0.4         0  0.543922
0.173929            -167.864             29331.3

#        20         1       0.4         0  0.541126
0.17143            -165.041             28362.1

#        20         1       0.4         0  0.538358
0.165942            -161.752             27255.7

#        20         1       0.4         0  0.535619
0.160615            -158.575             26232.2

#        20         1       0.4         0  0.532907
0.159055            -156.237             25470.8

#        20         1       0.4         0  0.530223
0.152533            -153.215             24509.8

#        20         1       0.4         0  0.527565
0.150848            -150.524             23680.2

#        20         1       0.4         0  0.524934
0.147494            -147.764             22827.1

#        20         1       0.4         0   0.52233
0.142482            -145.204               22066

#        20         1       0.4         0  0.519751
0.142091            -142.945             21398.8

#        20         1       0.4         0  0.517197
0.13856            -140.439             20679.5

#        20         1       0.4         0  0.514668
0.13443            -137.766               19918

#        20         1       0.4         0  0.512164
0.134079            -136.017             19423.4

#        20         1       0.4         0  0.509684
0.129684            -133.236               18656

#        20         1       0.4         0  0.507228
0.127763            -131.386             18165.7

#        20         1       0.4         0  0.504796
0.124322            -129.095             17552.2

#        20         1       0.4         0  0.502386
0.125051            -127.182             17048.3

#        20         1       0.4         0       0.5
0.122217             -124.72             16416.9

