#    N    J    D    H   B
#     <|m|>       <E>    <E^2>

#        20         1      1.55         0        10
0.990837            -178.826             32070.4

#        20         1      1.55         0   9.13242
0.100655            -121.855             14853.6

#        20         1      1.55         0   8.40336
0.999937            -179.979             32395.7

#        20         1      1.55         0    7.7821
0.999843            -179.957               32389

#        20         1      1.55         0   7.24638
0.997806            -179.711             32319.1

#        20         1      1.55         0   6.77966
0.999553            -179.909               32377

#        20         1      1.55         0   6.36943
0.998041            -179.757             32331.7

#        20         1      1.55         0   6.00601
0.26203            -121.889             14859.5

#        20         1      1.55         0   5.68182
0.999522             -179.91             32376.4

#        20         1      1.55         0   5.39084
0.999713             -179.94             32384.6

#        20         1      1.55         0   5.12821
0.999272            -179.889             32369.1

#        20         1      1.55         0   4.88998
0.999292            -179.893               32370

#        20         1      1.55         0    4.6729
0.998878            -179.833             32354.6

#        20         1      1.55         0   4.47427
0.535906            -135.644             19038.3

#        20         1      1.55         0   4.29185
0.999909            -179.954             32386.6

#        20         1      1.55         0   4.12371
0.999574            -179.893             32367.4

#        20         1      1.55         0   3.96825
0.999589            -179.881             32363.5

#        20         1      1.55         0   3.82409
0.999665            -179.869               32358

#        20         1      1.55         0   3.69004
0.999632             -179.83             32345.3

#        20         1      1.55         0   3.56506
0.948937            -174.967             30892.3

#        20         1      1.55         0   3.44828
0.998962            -179.676             32294.9

#        20         1      1.55         0    3.3389
0.945272            -174.681             30806.7

#        20         1      1.55         0   3.23625
0.999376             -179.59             32258.8

#        20         1      1.55         0   3.13972
0.999002            -179.462             32217.2

#        20         1      1.55         0   3.04878
0.999306            -179.397             32188.6

#        20         1      1.55         0   2.96296
0.998853            -179.214             32125.9

#        20         1      1.55         0   2.88184
0.874751            -169.435             29267.6

#        20         1      1.55         0   2.80505
0.998643            -178.888             32009.7

#        20         1      1.55         0   2.73224
0.998507             -178.68             31935.6

#        20         1      1.55         0   2.66312
0.996864            -178.262             31804.7

#        20         1      1.55         0    2.5974
0.997946            -178.148             31746.2

#        20         1      1.55         0   2.53485
0.99118            -177.202             31456.7

#        20         1      1.55         0   2.47525
0.992906            -177.104             31404.9

#        20         1      1.55         0   2.41838
0.996916            -177.112             31379.8

#        20         1      1.55         0   2.36407
0.996173            -176.646             31218.6

#        20         1      1.55         0   2.31214
0.995847            -176.196             31060.6

#        20         1      1.55         0   2.26244
0.99535            -175.705               30888

#        20         1      1.55         0   2.21484
0.994519            -175.093             30677.3

#        20         1      1.55         0    2.1692
0.993786            -174.465             30460.8

#        20         1      1.55         0    2.1254
0.993109            -173.811             30233.6

#        20         1      1.55         0   2.08333
0.969354            -170.927             29401.1

#        20         1      1.55         0    2.0429
0.991824            -172.388             29740.8

#        20         1      1.55         0   2.00401
0.990746            -171.548             29456.4

#        20         1      1.55         0   1.96657
0.989823            -170.655             29152.7

#        20         1      1.55         0    1.9305
0.98867            -169.689             28827.6

#        20         1      1.55         0   1.89573
0.987605            -168.641             28473.9

#        20         1      1.55         0    1.8622
0.986424            -167.602             28128.1

#        20         1      1.55         0   1.82983
0.985002            -166.476             27757.9

#        20         1      1.55         0   1.79856
0.983573             -165.22             27344.2

#        20         1      1.55         0   1.76835
0.982219            -163.998             26945.4

#        20         1      1.55         0   1.73913
0.98073            -162.652             26507.1

#        20         1      1.55         0   1.71086
0.979043            -161.208               26044

#        20         1      1.55         0    1.6835
0.977033            -159.701             25567.8

#        20         1      1.55         0     1.657
0.968765            -157.534             24937.9

#        20         1      1.55         0   1.63132
0.973349            -156.599             24594.8

#        20         1      1.55         0   1.60643
0.971472            -154.921             24075.6

#        20         1      1.55         0   1.58228
0.969451            -153.213             23553.3

#        20         1      1.55         0   1.55885
0.967022            -151.315             22983.4

#        20         1      1.55         0    1.5361
0.964721            -149.412             22414.4

#        20         1      1.55         0     1.514
0.96208            -147.413             21829.8

#        20         1      1.55         0   1.49254
0.95981            -145.495             21272.3

#        20         1      1.55         0   1.47167
0.956278            -143.291             20650.2

#        20         1      1.55         0   1.45138
0.954092            -141.125             20035.4

#        20         1      1.55         0   1.43164
0.949549            -138.657             19366.9

#        20         1      1.55         0   1.41243
0.94842            -136.618             18794.5

#        20         1      1.55         0   1.39373
0.943279            -133.939             18092.8

#        20         1      1.55         0   1.37552
0.940868            -131.553             17458.8

#        20         1      1.55         0   1.35777
0.938141            -128.972             16787.4

#        20         1      1.55         0   1.34048
0.93488            -126.478             16156.2

#        20         1      1.55         0   1.32363
0.931115            -123.765             15486.1

#        20         1      1.55         0   1.30719
0.927389            -121.088             14837.9

#        20         1      1.55         0   1.29116
0.923184            -118.249             14170.5

#        20         1      1.55         0   1.27551
0.91889            -115.166             13460.8

#        20         1      1.55         0   1.26024
0.914974            -112.417             12841.7

#        20         1      1.55         0   1.24533
0.910692            -109.337             12168.5

#        20         1      1.55         0   1.23077
0.906396            -106.405             11543.1

#        20         1      1.55         0   1.21655
0.901564            -103.103             10863.1

#        20         1      1.55         0   1.20265
0.896385            -99.9078             10224.8

#        20         1      1.55         0   1.18906
0.891653            -96.6279             9593.22

#        20         1      1.55         0   1.17578
0.885622            -93.0072             8920.03

#        20         1      1.55         0   1.16279
0.881054             -89.836             8345.29

#        20         1      1.55         0   1.15009
0.875249               -86.1             7700.32

#        20         1      1.55         0   1.13766
0.869978            -82.7897             7152.99

#        20         1      1.55         0   1.12549
0.86382            -79.0639             6563.34

#        20         1      1.55         0   1.11359
0.8574             -75.294             5995.46

#        20         1      1.55         0   1.10193
0.851226            -71.4983             5449.51

#        20         1      1.55         0   1.09051
0.844528            -67.5563             4911.01

#        20         1      1.55         0   1.07933
0.838295            -63.9094             4447.09

#        20         1      1.55         0   1.06838
0.83035            -59.6667             3943.68

#        20         1      1.55         0   1.05764
0.822879            -55.3787             3459.21

#        20         1      1.55         0   1.04712
0.816242            -51.7385              3080.3

#        20         1      1.55         0   1.03681
0.8084            -47.5568             2682.31

#        20         1      1.55         0   1.02669
0.799988             -43.183             2305.88

#        20         1      1.55         0   1.01678
0.790991            -38.7052             1955.74

#        20         1      1.55         0   1.00705
0.781311            -33.8958             1626.97

#        20         1      1.55         0  0.997506
0.771284            -29.4014             1375.38

#        20         1      1.55         0  0.988142
0.761749            -24.6369             1118.56

#        20         1      1.55         0  0.978953
0.750999            -19.8257             940.366

#        20         1      1.55         0  0.969932
0.738806            -14.7511             798.047

#        20         1      1.55         0  0.961076
0.725956            -9.59945             711.328

#        20         1      1.55         0  0.952381
0.713896            -4.48896             640.869

#        20         1      1.55         0  0.943841
0.699352             1.04458             657.314

#        20         1      1.55         0  0.935454
0.678868             7.27858             770.525

#        20         1      1.55         0  0.927214
0.662349             12.9443             920.624

#        20         1      1.55         0  0.919118
0.639049             19.6624             1183.43

#        20         1      1.55         0  0.911162
0.621541             25.5652             1470.54

#        20         1      1.55         0  0.903342
0.594362              32.412             1916.03

#        20         1      1.55         0  0.895656
0.567876             38.9426             2399.32

#        20         1      1.55         0  0.888099
0.535558             46.0686             3037.98

#        20         1      1.55         0  0.880669
0.501319             53.5183             3791.78

#        20         1      1.55         0  0.873362
0.460943               61.36             4686.54

#        20         1      1.55         0  0.866176
0.438482             66.6664             5356.68

#        20         1      1.55         0  0.859107
0.402902             73.3192             6240.17

#        20         1      1.55         0  0.852152
0.369367             79.8883             7180.97

#        20         1      1.55         0  0.845309
0.349362             84.2936             7874.13

#        20         1      1.55         0  0.838574
0.323142             89.3814             8694.55

#        20         1      1.55         0  0.831947
0.305919             93.7593             9457.64

#        20         1      1.55         0  0.825423
0.279724             98.5484             10335.7

#        20         1      1.55         0  0.819001
0.26348             102.183             11027.7

#        20         1      1.55         0  0.812678
0.245738              106.12             11817.6

#        20         1      1.55         0  0.806452
0.234331             109.198             12448.4

#        20         1      1.55         0   0.80032
0.222917             112.283             13109.5

#        20         1      1.55         0  0.794281
0.207867             115.458             13806.5

#        20         1      1.55         0  0.788333
0.201986             117.915             14359.6

#        20         1      1.55         0  0.782473
0.189815             120.566               14974

#        20         1      1.55         0  0.776699
0.184068             123.003             15556.6

#        20         1      1.55         0   0.77101
0.175618             125.642             16195.3

#        20         1      1.55         0  0.765404
0.170839             127.746             16716.8

#        20         1      1.55         0  0.759878
0.165684             129.653             17204.5

#        20         1      1.55         0  0.754432
0.159736             131.816             17758.5

#        20         1      1.55         0  0.749064
0.153495             134.086               18351

#        20         1      1.55         0  0.743771
0.150393             135.726             18794.7

#        20         1      1.55         0  0.738552
0.146895             137.657             19311.5

#        20         1      1.55         0  0.733407
0.139556             139.722             19875.1

#        20         1      1.55         0  0.728332
0.136977             141.572             20391.1

#        20         1      1.55         0  0.723327
0.133216             143.162             20837.7

#        20         1      1.55         0  0.718391
0.129262              144.92               21340

#        20         1      1.55         0  0.713521
0.12763             146.374             21761.9

#        20         1      1.55         0  0.708717
0.124758             148.171             22284.3

#        20         1      1.55         0  0.703977
0.122633             149.582             22699.7

#        20         1      1.55         0  0.699301
0.119377             151.163             23178.2

#        20         1      1.55         0  0.694686
0.11554             152.733             23648.2

#        20         1      1.55         0  0.690131
0.115129              154.09             24064.7

#        20         1      1.55         0  0.685636
0.112573              155.71             24566.4

#        20         1      1.55         0  0.681199
0.10884             156.936               24943

#        20         1      1.55         0  0.676819
0.108615             158.523             25441.6

#        20         1      1.55         0  0.672495
0.106581             159.708             25816.4

#        20         1      1.55         0  0.668226
0.10464             161.103             26263.5

#        20         1      1.55         0  0.664011
0.103638             162.491             26710.2

#        20         1      1.55         0  0.659848
0.102705               163.6             27071.3

#        20         1      1.55         0  0.655738
0.100791             164.842             27480.1

#        20         1      1.55         0  0.651678
0.0983397             166.059             27878.7

#        20         1      1.55         0  0.647668
0.0973488             167.409             28329.6

#        20         1      1.55         0  0.643708
0.0959974             168.534             28707.9

#        20         1      1.55         0  0.639795
0.0956557             169.743             29113.7

#        20         1      1.55         0   0.63593
0.093725             170.839             29484.8

#        20         1      1.55         0  0.632111
0.0924641             172.186             29948.7

#        20         1      1.55         0  0.628338
0.0916019             173.159             30286.1

#        20         1      1.55         0   0.62461
0.0911252             174.217             30648.1

#        20         1      1.55         0  0.620925
0.0896576             175.316             31034.6

#        20         1      1.55         0  0.617284
0.0883936             176.571             31476.1

#        20         1      1.55         0  0.613685
0.0881556             177.412             31774.3

#        20         1      1.55         0  0.610128
0.0870637             178.621             32201.2

#        20         1      1.55         0  0.606612
0.0860147             179.608             32553.6

#        20         1      1.55         0  0.603136
0.0847942             180.785             32977.7

#        20         1      1.55         0    0.5997
0.084555             181.647             33291.3

#        20         1      1.55         0  0.596303
0.0829735             182.679             33667.2

#        20         1      1.55         0  0.592944
0.0823666             183.736             34052.5

#        20         1      1.55         0  0.589623
0.0822483             184.577             34362.8

#        20         1      1.55         0  0.586338
0.0811072             185.669             34767.8

#        20         1      1.55         0   0.58309
0.0805739             186.626             35125.3

#        20         1      1.55         0  0.579878
0.0799375             187.534             35464.6

#        20         1      1.55         0  0.576701
0.0790007             188.479             35818.9

#        20         1      1.55         0  0.573559
0.078085             189.319             36136.8

#        20         1      1.55         0  0.570451
0.0775846             190.381             36539.2

#        20         1      1.55         0  0.567376
0.0774682             191.196             36852.1

#        20         1      1.55         0  0.564334
0.0770721             192.052             37180.4

#        20         1      1.55         0  0.561325
0.0761554              193.02             37550.3

#        20         1      1.55         0  0.558347
0.0762767             193.904             37893.3

#        20         1      1.55         0  0.555401
0.075394             194.707             38207.1

#        20         1      1.55         0  0.552486
0.0750388             195.681             38587.1

#        20         1      1.55         0  0.549602
0.0739319              196.55             38927.6

#        20         1      1.55         0  0.546747
0.0733567             197.428             39273.2

#        20         1      1.55         0  0.543922
0.0729222             198.015             39505.8

#        20         1      1.55         0  0.541126
0.0729482             198.998             39897.5

#        20         1      1.55         0  0.538358
0.0717054             199.829             40227.4

#        20         1      1.55         0  0.535619
0.0713909             200.675             40565.5

#        20         1      1.55         0  0.532907
0.0710782             201.443             40877.1

#        20         1      1.55         0  0.530223
0.0704204             202.271             41211.4

#        20         1      1.55         0  0.527565
0.0700738             203.069             41537.9

#        20         1      1.55         0  0.524934
0.0696667             203.737             41806.8

#        20         1      1.55         0   0.52233
0.069661             204.502             42121.5

#        20         1      1.55         0  0.519751
0.0689871             205.246             42424.6

#        20         1      1.55         0  0.517197
0.0683857              206.15             42796.5

#        20         1      1.55         0  0.514668
0.0683204             206.798             43066.8

#        20         1      1.55         0  0.512164
0.0678072              207.62               43406

#        20         1      1.55         0  0.509684
0.0678454             208.372             43720.4

#        20         1      1.55         0  0.507228
0.0670537             209.135             44037.6

#        20         1      1.55         0  0.504796
0.066734             209.785             44311.7

#        20         1      1.55         0  0.502386
0.0663211             210.607             44656.6

#        20         1      1.55         0       0.5
0.0661274             211.311             44954.5

